5.331289 -83.857375 0.094440
4.637217 -272.578301 0.261261
-14.292726 -293.280977 0.224292
-23.586042 -45.923839 0.170755
22.432762 179.913345 0.213192
21.794444 131.689153 0.150334
8.494699 -166.598979 0.270430
-2.560348 188.024211 0.190502
-8.429612 139.058902 0.192416
-7.055434 191.083693 0.192452
-5.358716 105.110097 0.186597
52.853832 122.058183 0.130303
3.980393 123.573415 0.223705
-23.042434 27.495714 0.185323
-0.235726 76.037935 0.212491
22.163822 152.309475 0.142937
9.190578 -223.328612 0.236530
-17.604599 -65.123004 0.213151
-9.547868 277.792753 0.191752
10.182228 408.176133 0.190282
-13.041334 395.890222 0.187173
-8.664855 -55.432348 0.203277
0.920787 -91.016861 0.167161
-1.206481 79.871351 0.227708
48.623408 44.631442 0.255247
-24.773894 -169.937893 0.241553
-31.387693 121.594403 0.199398
-1.265498 -361.410695 0.280302
8.034014 -283.066735 0.192631
-0.490265 90.020030 0.115206
-9.887995 -57.850663 0.173567
13.578920 -244.773855 0.170409
9.485629 88.797579 0.243059
10.088837 58.961599 0.176595
8.042021 4.043583 0.180876
-17.569499 89.822412 0.171290
9.057410 152.248388 0.203654
28.130413 -39.347074 0.192409
12.926095 -87.490654 0.258284
-21.612071 -140.090715 0.116528
-5.327373 -340.434593 0.244621
-0.553449 -18.670153 0.131442
44.223129 155.718332 0.159421
16.298259 531.851271 0.152669
-11.126705 -31.222398 0.153809
22.139754 -135.593624 0.159656
-15.190810 108.713981 0.250102
28.038064 112.544998 0.183904
22.756923 109.518091 0.172977
-33.406038 261.840115 0.209434
-18.192126 -4.141337 0.228856
-24.631874 -167.782473 0.236143
-2.924013 32.545284 0.235590
-6.037348 115.804669 0.159195
23.513475 371.909369 0.226136
35.848818 66.975760 0.200895
32.809676 -146.559696 0.166519
-18.258510 -26.652928 0.259119
31.836145 405.511053 0.239929
-47.060022 -321.463365 0.121681
1.683600 -574.433554 0.173679
-12.959236 179.805922 0.219453
-5.262645 28.817551 0.169936
42.009552 -447.714271 0.237944
-29.834018 -7.295591 0.110629
1.071265 -78.019687 0.259703
-11.279320 -61.261886 0.172682
-22.248100 148.512157 0.235263
50.187257 -77.657859 0.340782
5.629601 74.693181 0.202359
30.262542 77.360610 0.276719
15.491611 56.218464 0.244603
-49.812016 -135.754146 0.163376
5.982135 -310.494988 0.144214
6.173927 -106.402511 0.161487
25.360238 -265.668757 0.153255
10.576980 -30.261516 0.212394
-14.758175 -202.713639 0.167312
17.401299 146.743594 0.195088
-30.267999 89.477845 0.159328
9.399157 314.074934 0.200577
16.665102 259.750730 0.206485
-28.704733 178.576345 0.235337
81.824649 -7.499276 0.161219
-0.694294 -48.144473 0.195453
-4.492267 194.593503 0.153869
-21.887518 106.977400 0.228715
-7.583964 238.774506 0.223907
-35.872317 115.545690 0.220221
-19.806702 -286.635821 0.230979
-25.641942 -24.704214 0.228866
11.038170 162.387408 0.191807
10.433186 454.131574 0.216471
-28.490866 141.615516 0.251717
-1.021318 -134.891911 0.263175
11.421316 -286.859745 0.173316
-10.402500 170.229974 0.102158
-5.429226 355.527258 0.164217
0.982457 106.346038 0.168630
10.269979 -218.073653 0.224945
1.004705 20.997883 0.183149
21.619664 191.917439 0.226175
1.270178 34.125036 0.257017
-17.137040 211.614887 0.217336
-19.027321 271.224849 0.202263
-10.040862 232.734442 0.207674
17.893510 -133.935678 0.191150
1.851331 21.904645 0.226371
29.966920 -167.006228 0.254122
23.426393 -31.371211 0.238497
-25.751478 -486.206924 0.198219
-6.652934 192.933525 0.121816
13.787362 -177.140044 0.219314
16.157915 -6.681193 0.225535
15.265510 14.303393 0.194348
-28.282390 233.190161 0.091068
7.618294 -451.513388 0.141561
-2.604814 272.033251 0.227840
15.923580 -336.719233 0.280034
-4.060658 -31.645933 0.162640
6.679637 -191.624752 0.163599
-32.422798 140.072686 0.116939
-11.810149 -56.491491 0.193861
20.624308 -496.612057 0.177936
-22.516504 -15.582614 0.197783
-4.944782 -180.653544 0.094691
0.121807 -324.622731 0.143663
-17.485784 -84.077585 0.163025
-36.940655 81.490094 0.227526
11.075163 426.867256 0.230829
-13.550374 -91.663203 0.181693
47.723773 -71.409808 0.166407
16.425879 -56.232477 0.246385
2.509504 -51.445821 0.153111
-1.984100 129.795651 0.142244
3.906183 -184.974295 0.262110
22.626226 -195.670568 0.287829
7.068554 -270.690674 0.188606
5.624788 152.716299 0.208115
18.378137 196.055101 0.148087
11.937496 -77.277597 0.267318
4.509572 -49.226319 0.219767
22.087204 135.129660 0.130570
14.446979 -221.864408 0.186502
17.168320 -268.424602 0.258295
1.902860 -186.156083 0.311989
15.735689 -4.880721 0.132084
-27.918202 -283.827709 0.256559
10.324999 -303.101333 0.175560
-8.211555 82.259373 0.198568
-6.129087 -74.863651 0.199522
-40.089843 298.861108 0.285846
45.734002 -9.771847 0.102133
4.053123 -41.810824 0.134951
21.348048 -15.962171 0.243099
6.960165 142.630172 0.214170
-10.449621 160.737423 0.224026
-1.904520 312.176516 0.148870
11.727047 350.961704 0.166791
23.607064 -30.179753 0.213132
19.211282 156.219717 0.245635
-5.806780 -318.531153 0.233774
-45.389572 180.770004 0.236518
5.835515 190.689252 0.219402
6.209862 250.256174 0.100655
-1.949047 232.011788 0.110112
13.807138 -122.162191 0.286005
-2.217005 39.220396 0.173327
-5.229751 -298.818984 0.152920
-22.253036 281.716397 0.247483
-18.273292 -327.704235 0.152808
-17.669387 3.300491 0.065161
18.082031 34.913142 0.168512
-6.094318 13.858096 0.190342
23.701813 -165.258921 0.219721
-14.030274 -323.766242 0.240467
2.719696 287.981352 0.180244
28.093856 36.659138 0.257699
21.351693 124.070866 0.227413
26.103084 286.206660 0.309298
-9.024677 26.780718 0.263482
-8.906147 -323.404156 0.262462
-3.513479 240.840764 0.264251
17.025037 138.586694 0.248374
14.586028 101.404978 0.175259
-35.626216 142.892947 0.229818
-6.318714 -147.544805 0.192174
-24.237765 -0.514864 0.254228
11.071271 46.512662 0.228086
1.036613 -142.401223 0.201122
-33.881459 402.153352 0.135551
28.312516 -119.108396 0.182793
-16.554643 -18.922049 0.198326
4.304042 143.254720 0.163390
2.964558 38.517323 0.252882
11.105666 -314.329235 0.224521
-16.599757 -121.927389 0.278946
49.867685 9.982561 0.184273
23.701288 230.950448 0.207634
-56.926561 -21.938152 0.208345
-5.926103 242.674940 0.210931
8.771971 176.122887 0.164872
2.434773 295.332974 0.181051
29.484975 -5.778073 0.287067
-4.522726 -13.775997 0.217408
-15.549317 -267.898325 0.212947
-2.278847 96.220579 0.275965
-52.031472 177.592771 0.214074
-19.948434 61.619796 0.268254
-7.345883 -96.288607 0.123296
-3.933239 125.855525 0.265746
-0.068061 -170.490008 0.173624
12.112127 177.191217 0.216814
36.165850 -131.892072 0.164595
-1.897938 -523.834884 0.239232
7.245878 -36.663964 0.253246
14.321263 100.286880 0.146117
-15.516909 117.252448 0.070808
8.819410 226.025464 0.192394
-6.974319 -50.029141 0.223257
2.111350 87.118897 0.278455
4.223971 167.541710 0.205122
4.378655 30.103010 0.166805
-23.590007 294.855594 0.141186
22.794183 -17.697680 0.163440
-25.604243 231.993296 0.237273
-10.456177 -208.679773 0.222723
17.696462 8.701406 0.179913
-11.333405 -138.338239 0.199028
-4.217874 -7.075541 0.162912
-5.478917 -88.102024 0.112675
33.173940 -101.040872 0.153627
4.892573 265.434560 0.205327
-3.877916 -93.869344 0.187139
18.996444 83.945178 0.216412
-9.688105 349.138808 0.172952
-35.888440 312.544809 0.182741
28.279296 -105.686350 0.253749
35.159142 41.149882 0.260493
-8.046752 -20.522003 0.168044
-0.004668 89.585180 0.245847
-48.718918 -66.994168 0.153713
-2.689508 -134.678329 0.159630
1.984663 -159.125980 0.213429
-33.914619 197.620923 0.257301
34.753555 108.385502 0.125177
0.705594 257.100164 0.235406
-22.116654 442.194727 0.184935
25.992680 123.773439 0.205671
23.889544 54.164142 0.082607
24.396772 -68.546237 0.153309
-0.195565 338.661045 0.017715
-11.334464 -93.392669 0.240715
14.475793 214.297377 0.147403
-4.902662 48.842436 0.240973
-14.140833 -7.639197 0.179832
20.221285 44.297648 0.291758
3.850051 23.066643 0.228662
-39.847401 324.645830 0.241895
10.181594 9.356357 0.146820
-6.273536 357.055191 0.189502
13.919007 -72.412843 0.243083
-6.877420 222.711585 0.228467
36.815454 -248.960092 0.183151
5.505831 -72.203115 0.194311
-1.512859 -43.066044 0.226170
-23.344520 -71.330189 0.239295
-15.507660 -28.934702 0.206246
-11.209979 339.385692 0.224760
6.167971 186.110040 0.232123
21.339390 -262.108561 0.202110
4.482866 -289.888973 0.188122
-0.294148 -21.698408 0.151492
53.781883 218.797711 0.292601
-7.100640 -367.703305 0.110314
10.340196 -524.518467 0.151063
11.697478 -49.112205 0.165083
0.068444 -187.604186 0.150115
-12.108339 91.230486 0.242400
6.155889 -75.236663 0.158399
-36.607061 75.994951 0.070060
0.643418 36.948509 0.198993
48.155903 -13.854255 0.290387
-10.506318 -161.987838 0.272292
-3.905699 -139.857574 0.208185
-13.841293 19.290327 0.195860
-20.053170 289.317828 0.171453
-9.587247 -164.868679 0.197350
-20.127420 -102.349545 0.262159
-14.923745 -115.903940 0.154293
10.104795 -14.800435 0.200532
-17.624370 138.596419 0.298265
-1.171256 105.383091 0.209768
-57.795259 150.010021 0.181542
34.105013 214.113836 0.267405
-31.355672 32.040085 0.159905
-15.427451 56.533842 0.084381
9.903843 55.797753 0.145169
-19.963494 55.197310 0.169089
26.254602 -84.846150 0.148852
2.346779 38.171005 0.216973
-26.252466 273.076883 0.184356
-17.243728 57.960055 0.262704
-6.332972 223.237645 0.216330
11.600344 290.546494 0.104655
21.620190 -218.379794 0.198876
6.385976 110.688690 0.070629
6.321540 181.389024 0.221307
-3.201259 -219.389722 0.240108
-48.657816 198.347112 0.132301
9.229831 -61.905148 0.097396
-0.273174 -174.783395 0.161959
27.541841 -98.372193 0.261644
-11.254257 219.232811 0.175553
-7.168997 -182.399156 0.065872
-17.757371 237.266700 0.182005
-14.476930 -109.807058 0.180075
-12.510984 19.076404 0.180179
-4.352490 -202.515517 0.272438
-19.395095 -129.659276 0.215568
-4.710744 151.276488 0.144080
31.993351 -28.078245 0.266908
-0.058442 -48.956636 0.175828
4.716766 137.923039 0.272585
4.082445 130.204405 0.134985
16.847957 -57.152654 0.215387
-7.819753 -216.195387 0.189420
27.084639 17.824324 0.201933
8.917680 -69.540592 0.178453
17.985545 -184.546777 0.240832
-3.018183 96.951448 0.152005
-19.908210 -119.709341 0.113887
-27.771566 -90.684437 0.136055
25.544719 -60.551112 0.295890
-30.074587 339.953177 0.113253
-16.245229 -207.615724 0.193511
-43.651609 172.544578 0.199810
22.161525 442.896142 0.196851
-25.690486 -234.915229 0.124708
-11.485978 126.757831 0.242765
9.507097 -131.053588 0.295274
12.009023 -37.118707 0.116060
1.803330 346.049378 0.221086
39.369646 210.268659 0.229255
3.585517 -51.358616 0.228470
15.132096 -52.375966 0.196996
9.316938 50.486534 0.131383
1.025724 -163.666035 0.186865
22.307607 128.214189 0.182719
17.160194 183.173365 0.250126
-12.633262 53.198754 0.158477
13.346213 -296.092685 0.117704
13.115135 -264.584345 0.284967
20.297108 17.954269 0.173766
27.772695 113.984132 0.220625
6.057570 261.510628 0.138774
-47.628737 77.343479 0.178332
9.645296 21.093790 0.138710
30.156086 219.949059 0.265896
13.533559 -145.363192 0.200354
4.790559 122.365901 0.240148
3.789703 -430.273779 0.275937
-6.292080 -105.542985 0.225286
9.232980 -207.207526 0.222373
1.493414 111.008402 0.243405
-14.299643 13.414676 0.194258
14.044214 161.416400 0.233794
7.090355 -91.287022 0.268127
3.560412 152.740369 0.198916
27.375715 247.485418 0.241624
-33.197172 51.998763 0.135863
3.427962 454.476175 0.192792
20.662411 334.408761 0.194884
15.861066 -62.480702 0.232192
-3.998630 23.733226 0.184280
57.006907 43.178202 0.235918
21.556661 222.173411 0.162033
-3.332480 -10.788311 0.213159
4.395901 -78.552791 0.267600
-13.573985 -123.534450 0.192649
-9.291277 15.970993 0.279796
-9.710227 -117.765873 0.222093
-6.614388 -313.380728 0.074805
-12.179825 31.169535 0.203440
-1.839294 228.874636 0.159453
0.046700 -76.527722 0.123489
-41.103160 -184.065397 0.250529
14.513818 63.756676 0.164951
-25.336820 -136.814729 0.256070
36.711378 -59.522361 0.227290
-22.377172 -324.118729 0.252530
-8.284818 183.297073 0.168073
6.639751 -203.948753 0.203964
-42.564969 -39.527431 0.204287
32.336726 315.193199 0.230113
6.201683 43.893501 0.159325
21.155363 99.336581 0.229773
-42.646401 400.950822 0.285546
-19.379414 -170.532344 0.231638
33.687422 -208.002438 0.217342
-35.657843 -16.735751 0.179825
15.011838 411.955562 0.255860
2.981346 218.082422 0.157293
-6.419257 -163.134845 0.212754
-17.485982 -2.697879 0.172709
25.126064 154.152833 0.174734
17.887959 177.695324 0.162587
-22.642619 -218.197396 0.167827
17.478383 -137.694156 0.242314
-6.724129 -113.805246 0.216719
-4.597463 -155.218266 0.280028
26.826446 -166.041783 0.203507
13.447911 55.148835 0.160234
2.160664 -118.855204 0.177008
17.304588 128.302844 0.207512
-19.112621 229.562425 0.247805
-17.319902 -361.586543 0.095068
30.192735 -429.515251 0.252372
-3.459311 -209.430782 0.255246
28.170967 243.924080 0.113255
10.334566 140.022590 0.252128
-24.675902 -355.150393 0.136787
-27.015038 143.715701 0.241737
-26.605116 380.337986 0.218270
22.572671 -31.966021 0.210295
-0.497541 -93.293992 0.248331
6.235422 170.885067 0.197441
15.831942 339.815511 0.164927
15.486179 -134.395167 0.165049
21.469129 110.850949 0.255215
-3.747052 -177.813285 0.155305
-11.421547 -77.645678 0.209431
-18.383924 -41.854371 0.220991
-12.097365 -38.850600 0.156312
43.936079 -215.399483 0.191148
27.502670 308.447026 0.164821
-32.537772 277.228580 0.142565
12.837039 126.619224 0.215542
9.467988 92.853931 0.256123
-6.363870 164.018500 0.249094
7.337301 21.689300 0.226299
15.888471 -149.319757 0.152055
-32.865382 100.970564 0.223222
-10.765874 32.599183 0.288095
-11.101650 538.327938 0.160415
-17.090228 -203.276458 0.210808
-6.061691 115.717182 0.201666
-20.616145 275.672158 0.132425
-23.824383 -182.712964 0.120186
21.696750 -95.990220 0.177632
-34.226614 -187.364020 0.141942
-7.411423 -65.162758 0.117544
-2.319500 12.889114 0.170342
-4.346949 -392.241931 0.207527
-9.760074 -274.014298 0.203534
-5.748958 -79.975064 0.166855
5.484644 83.693245 0.130050
10.787062 -56.339637 0.218772
2.770534 301.265896 0.232897
4.306069 28.445169 0.214654
-27.547950 -231.264867 0.269843
36.511463 121.971975 0.169345
-21.588619 -229.259132 0.185866
22.247238 87.228081 0.168736
25.574488 96.720396 0.239873
-10.162624 183.269502 0.255973
0.930148 574.838749 0.183797
19.669547 10.462104 0.251761
21.359375 -69.732175 0.214956
12.524090 330.499316 0.268353
20.244103 -72.877645 0.178289
-4.744145 34.252134 0.202410
12.029795 -0.152811 0.149613
3.262699 5.649484 0.130099
29.021462 -36.818062 0.239744
-7.102289 14.401473 0.164249
34.345079 -43.605937 0.239784
3.432504 27.791462 0.206018
36.061028 85.340009 0.219091
-15.438273 -36.551430 0.133952
8.584062 106.536254 0.212608
-2.399601 382.809337 0.156142
-22.869781 4.063029 0.196930
9.129306 -314.772023 0.180247
10.559327 12.610559 0.135977
-14.563597 -180.620073 0.243544
16.662604 70.103119 0.255998
16.732864 168.169877 0.271867
-50.524885 -303.883916 0.133006
-16.384946 278.586361 0.173933
20.544946 -271.134078 0.175207
-8.861849 -127.014034 0.267951
4.693306 24.046471 0.216155
45.321801 -178.327278 0.192280
-26.021472 298.814548 0.141232
8.209329 281.488669 0.174819
-3.109414 -73.246175 0.200861
23.003518 38.302242 0.247595
-12.631295 76.708419 0.285122
44.772202 -86.354688 0.203627
20.110640 -8.491132 0.267856
4.608573 -178.308505 0.125317
6.074081 -17.586902 0.119237
22.394807 -130.946064 0.115891
20.247422 -91.103909 0.320767
2.606029 24.188439 0.264786
-14.049216 -321.360347 0.239268
37.269761 351.717401 0.218193
14.860282 105.229593 0.184661
12.179495 -204.445764 0.184221
-2.848496 116.226061 0.153205
-16.750748 106.073637 0.176209
-20.942905 35.298430 0.208691
-18.366406 -92.955449 0.136902
18.733089 -239.702636 0.138971
12.727774 -170.179789 0.229904
-5.266317 382.104208 0.130374
17.846164 -399.229487 0.140845
13.469314 53.266887 0.242971
1.816345 -190.675005 0.181319
2.297145 480.869534 0.195668
26.854521 41.068703 0.241176
48.761793 225.365358 0.290770
-7.080836 101.702217 0.224330
-14.179257 -292.060511 0.175648
44.563550 347.867119 0.288926
-3.639500 -181.986084 0.123156
3.403624 -403.561463 0.135759
45.528885 -144.303722 0.179189
-0.184172 69.569524 0.251056
23.510239 230.074099 0.174452
26.665323 105.838239 0.202847
10.410124 -20.484602 0.303973
18.235796 62.581881 0.264415
29.551995 49.206394 0.201220
6.221643 196.736839 0.094161
-23.007638 129.333367 0.259430
8.082296 358.584340 0.177401
51.890407 102.759259 0.171810
-6.822067 -77.472283 0.229929
20.736176 83.437705 0.257177
-12.661435 -251.650853 0.306706
15.356811 -294.303353 0.286514
6.638296 24.102252 0.167313
19.396375 -508.429637 0.290317
-14.142483 -25.664749 0.199702
-41.508451 29.023203 0.221952
21.840615 -233.372451 0.220641
-9.484259 -43.930264 0.201389
-15.147547 44.804285 0.211023
-14.798787 -52.611698 0.159220
34.620350 -171.432410 0.229473
12.102103 64.479373 0.241325
6.457423 -202.326792 0.125231
-17.229887 184.603694 0.203744
-11.352648 -106.580214 0.170845
29.587062 -213.498084 0.201436
19.064451 143.076957 0.191964
2.555552 -117.867796 0.252490
0.089175 -228.189055 0.157769
12.693817 225.327582 0.222299
-24.169516 10.500580 0.229934
10.995481 101.913352 0.228882
5.734505 2.461735 0.218710
-28.488291 13.637443 0.239224
33.634745 75.369382 0.156517
12.696969 22.321501 0.149577
-2.018564 -177.349907 0.171448
23.792447 317.764891 0.239587
15.736855 102.614177 0.237949
6.290821 55.617254 0.160992
-13.500243 194.730058 0.183742
0.653964 46.365217 0.233893
-21.849061 166.618375 0.252923
-5.241428 335.472930 0.251645
3.874864 192.789225 0.179284
-7.145894 -22.226021 0.303842
-10.787062 -382.394066 0.240526
28.510292 -323.442371 0.173548
12.719520 244.988074 0.258170
-38.353288 0.058583 0.185748
-12.931473 -284.700207 0.164899
-5.259421 -164.884003 0.137569
-21.438022 -9.696664 0.168351
-19.864637 -190.187727 0.226939
15.944283 -321.040320 0.214650
24.094209 224.739919 0.224708
-8.669699 149.083088 0.222899
-15.174315 -48.415836 0.219576
15.773927 263.222024 0.150559
-28.238384 -27.656568 0.066254
-3.806702 -439.148259 0.224120
-9.814928 -14.256883 0.184181
16.832028 -38.680370 0.149100
1.068261 76.579256 0.236431
-8.191722 -299.156257 0.232810
-21.376209 100.057389 0.156177
-34.749407 233.188644 0.268078
5.639995 -20.938637 0.153286
9.882011 -70.671170 0.185544
-4.644440 -118.719468 0.182380
0.238459 -222.860169 0.220161
3.171907 -148.151796 0.170073
-2.051571 89.704807 0.198466
2.052526 -231.597302 0.183309
24.635389 -277.212260 0.168831
2.592037 -130.384536 0.125696
2.265052 235.673902 0.211495
-15.750112 39.596221 0.130196
13.183624 -90.141758 0.227766
10.409656 -387.198637 0.212760
-15.431862 -219.084541 0.208347
-7.725621 220.722384 0.228185
-1.107988 207.204072 0.162387
30.277347 -39.134418 0.202212
4.738195 85.381884 0.207501
5.917726 134.004882 0.217792
6.490245 403.748676 0.197769
4.645350 82.065783 0.265939
-9.326817 32.438598 0.216414
-40.742095 157.920624 0.184215
-24.397292 319.325748 0.287609
-29.171878 26.079798 0.206969
-17.889512 -112.550463 0.238157
14.017412 -36.617771 0.166960
1.348281 155.614469 0.277266
-25.703143 394.565494 0.204527
-52.122810 123.707960 0.152594
-14.112695 -420.272985 0.202948
-5.569742 184.662776 0.156988
-7.869960 125.306823 0.134469
7.283052 -1.392873 0.173559
-36.562160 330.996672 0.171264
8.029709 -300.548361 0.230222
22.758089 -535.171074 0.204174
6.380764 159.929494 0.265120
10.196561 -135.629019 0.242713
-13.982694 -140.606316 0.141652
6.366986 -171.046354 0.136344
21.996387 307.055456 0.238036
16.789797 -130.277359 0.145574
27.952267 -9.464532 0.197232
-12.922997 314.609976 0.193965
-30.203568 187.693369 0.185802
23.669410 104.463479 0.156234
-2.028465 137.481890 0.152652
1.809281 214.872582 0.231478
0.107019 -57.120439 0.236757
23.221264 -327.986530 0.149868
14.992775 -28.153311 0.193524
45.759354 172.314860 0.234059
34.158295 -68.427687 0.163868
32.291759 468.157296 0.257006
8.037370 387.748455 0.190102
10.597795 278.435916 0.180828
46.953201 -123.404091 0.227969
15.143756 226.799001 0.227789
-1.316641 32.658288 0.149001
-13.959819 170.441268 0.147000
-5.839179 19.947343 0.261287
-1.447613 -13.837244 0.175685
5.989863 8.115623 0.335692
44.447112 229.377108 0.176098
4.856873 -301.902152 0.138716
0.256762 -119.748119 0.201346
-4.120763 298.176095 0.211995
-5.632213 -318.875982 0.242789
12.758110 1.829631 0.240870
-51.705195 -160.660964 0.168848
-4.511049 136.090270 0.314494
2.047505 -516.971816 0.198776
14.987983 210.376126 0.256192
34.946015 204.434699 0.247029
-2.376128 -86.621225 0.246387
-0.553750 362.878462 0.154120
-6.799668 296.970374 0.197024
8.211292 496.118134 0.220313
0.363289 -112.753685 0.265071
-38.899871 -54.709491 0.152037
-22.126645 154.492878 0.209588
-13.550681 -315.405147 0.182719
0.533925 -18.632625 0.158097
12.027322 236.176715 0.177790
-8.731309 -203.841393 0.252784
51.214486 -82.282719 0.201299
6.864996 146.418216 0.153121
5.403365 -136.696827 0.164456
-15.633393 -368.158493 0.288914
9.728049 182.448300 0.155107
7.448685 -51.847922 0.174384
-11.907101 -59.102907 0.189503
-6.589116 32.257209 0.238531
7.733101 13.485940 0.137113
-26.493751 38.520078 0.172360
-18.464926 118.786918 0.082031
-12.000960 418.915244 0.237200
7.611667 -194.605009 0.215991
0.386141 -27.855313 0.245726
4.857033 46.566650 0.116776
17.390222 -227.681416 0.161320
10.212411 62.156071 0.228467
1.657138 -209.487827 0.289144
7.819462 -8.955991 0.124686
13.532086 -0.399940 0.158852
-44.417311 34.035065 0.225352
21.885709 236.019536 0.182641
-25.263732 -294.815403 0.165967
34.554013 -92.984379 0.129835
10.946129 -504.273687 0.211448
-4.266901 56.435559 0.244360
-3.302851 303.666306 0.198714
1.675448 -130.706935 0.200872
7.555286 41.374442 0.191386
-19.780062 76.575175 0.172867
27.203459 226.030366 0.197597
5.190896 -204.534867 0.149743
-16.382114 -10.046938 0.118148
15.174792 -252.782642 0.099149
-24.012540 -77.947090 0.258740
47.449153 62.134495 0.199674
-11.663511 -288.095957 0.176811
-42.866865 120.874193 0.207382
19.523489 229.255451 0.205247
-21.790204 -173.347709 0.224221
-21.501684 48.008652 0.154494
12.656054 104.687711 0.239105
-37.510455 -309.937121 0.215526
-18.463819 106.530410 0.270966
10.904659 -169.701174 0.230793
-1.345100 75.913172 0.179042
7.767262 -131.914894 0.211023
-1.383205 27.313543 0.212637
6.043614 114.962983 0.172670
10.876397 -347.927464 0.115327
31.863617 294.063406 0.233505
22.646886 172.204041 0.248124
14.987331 -47.697114 0.189625
-17.411157 258.950985 0.219646
-22.816165 8.968596 0.126660
-54.386635 32.551471 0.215448
-5.119762 375.226088 0.347595
-47.709554 33.619570 0.223026
-19.735495 -71.960188 0.236162
37.622188 -228.876352 0.240624
18.953951 -278.701041 0.322049
-33.531536 190.809791 0.163488
0.649438 296.105563 0.277369
10.624418 99.850977 0.270710
7.323725 -288.798108 0.198009
12.867277 -11.473572 0.233069
-8.724437 -53.435634 0.211607
-52.451437 -287.637157 0.215029
-8.130489 37.255246 0.245569
33.735348 -166.192813 0.183846
-12.610916 -127.387350 0.310983
4.601141 -134.189922 0.156261
-25.615674 -46.691033 0.189811
20.979208 -322.672851 0.250463
-15.119445 606.244036 0.298661
18.663720 -43.866370 0.224393
-42.035968 46.520014 0.186672
-4.581028 -99.396056 0.194260
-0.001146 -352.482947 0.156683
-15.791917 381.681156 0.264850
-25.196767 -440.492372 0.230565
1.880268 -242.703695 0.131750
-21.433514 591.426335 0.214781
10.223254 260.511318 0.175258
13.347256 -249.462629 0.218021
-63.344817 -97.725079 0.237151
-23.067645 241.976352 0.232465
-76.311679 -169.380585 0.192338
-2.566767 99.479083 0.138621
-32.726454 48.454970 0.189298
24.706343 -9.175366 0.212447
-43.985807 -327.103092 0.125371
-10.924434 75.363400 0.123748
-7.543176 30.061986 0.238466
0.581262 -207.561241 0.151786
-19.579118 -170.801318 0.183407
-20.201202 150.626744 0.213447
-1.173545 395.104860 0.167449
15.370605 -59.904890 0.237348
19.689156 -172.695321 0.181586
0.402696 -258.359329 0.201959
6.120469 107.612665 0.250484
-47.941413 288.608667 0.131851
-16.539863 39.404525 0.214118
-8.643666 136.169407 0.178145
1.055078 81.826998 0.196369
5.491236 -336.924855 0.154210
11.917124 -180.665580 0.233839
4.584422 303.801250 0.138103
1.457771 45.798910 0.225950
-58.486835 24.476293 0.180084
-24.069163 -44.023661 0.197555
25.084123 -33.416964 0.190742
18.392669 132.186346 0.154411
-11.986050 -164.687596 0.152102
-2.100195 -5.039269 0.164905
-3.544942 201.967738 0.087995
-0.459335 -287.869390 0.268563
-10.479144 222.868590 0.109656
9.958805 -168.955732 0.231139
-4.867169 143.325103 0.236435
-6.851813 -14.301352 0.139811
-5.795697 97.718339 0.229469
-15.101565 187.356617 0.262945
6.188993 282.346914 0.188198
6.871662 87.182768 0.231147
-1.541182 -129.815927 0.160710
-16.441248 -292.921695 0.166734
16.469843 -377.933917 0.258824
-0.850342 -335.387427 0.235662
4.520226 331.387804 0.250537
-2.171286 -173.316881 0.108305
-2.899173 -211.881854 0.252988
28.878585 -64.925381 0.220018
-9.309770 12.344302 0.243352
-37.150209 -72.743954 0.279602
2.285097 -125.938001 0.169052
-22.932101 -20.593370 0.287558
-10.611101 1.511043 0.228055
-1.167107 225.261639 0.185341
0.573339 -67.938914 0.231408
5.290394 -390.282529 0.057304
-8.792265 -115.974523 0.141040
-25.183707 -97.644330 0.070095
26.467766 114.606487 0.169304
13.099101 311.617954 0.204686
12.152130 62.182772 0.258727
28.455041 -362.228347 0.211143
-10.089912 45.182718 0.288260
-30.501129 21.242171 0.270380
-16.729246 -143.138212 0.125863
-31.784279 43.997100 0.159480
1.609214 28.664238 0.241732
7.600523 -28.359972 0.240859
28.988621 -140.229929 0.251494
-10.652860 53.983984 0.249229
-15.928547 230.974035 0.145404
-3.842304 165.389935 0.192507
-22.394767 -185.868196 0.173746
9.020997 -39.487277 0.259269
-17.690664 477.777872 0.282799
-32.533446 172.191956 0.271076
37.454024 -1.242604 0.153306
-1.812517 51.707833 0.227956
-26.057093 61.734702 0.190348
11.271791 -57.581327 0.214325
10.622869 -119.496161 0.242514
-1.129498 101.630021 0.194367
0.687850 1.496626 0.274767
-21.619746 234.436090 0.185549
-25.563654 -178.540132 0.209571
13.424693 -249.990972 0.199981
17.036402 -183.122932 0.196271
-4.584745 152.164951 0.094060
22.206247 124.818662 0.206622
39.836935 442.996862 0.150531
-44.883001 108.935905 0.180227
6.181775 191.210759 0.140287
21.456141 -185.420256 0.226998
-0.499343 -128.582132 0.297030
4.368761 -93.717625 0.143112
30.510933 378.207142 0.132868
37.142812 86.523720 0.174821
7.245987 289.219773 0.211327
-33.185298 -104.885156 0.207752
24.077866 -36.153088 0.176414
-10.560280 167.847841 0.107813
-27.044442 9.325297 0.126926
-2.013668 -28.974731 0.137391
-8.160390 181.036850 0.148498
4.037456 20.914733 0.262717
30.136993 4.584875 0.205033
22.896265 159.803610 0.177289
8.189693 210.879279 0.246500
1.649621 -194.081367 0.130617
-1.102581 -80.968705 0.205969
-1.848607 247.861292 0.201257
4.893042 -141.180004 0.250255
-22.012684 73.698428 0.194628
-1.295319 58.376019 0.168645
6.336807 -17.288925 0.242428
-20.742726 -75.862723 0.237087
-21.341528 -23.365508 0.303438
-22.748932 -98.819533 0.114733
1.241159 89.915555 0.266850
9.055983 -125.981704 0.173115
37.523276 -249.149292 0.152223
23.295440 -85.506147 0.222475
-1.228098 -207.507104 0.125586
6.654807 103.327104 0.210298
-2.766410 86.514629 0.220480
18.705352 -35.635275 0.215147
-6.582412 12.959126 0.223317
-9.390215 213.413434 0.181303
-2.526545 78.276242 0.136742
-8.893739 2.332843 0.157873
14.210748 267.478978 0.246809
15.971014 309.320637 0.214916
-0.284392 119.747629 0.295919
9.172303 -51.099959 0.151636
7.924534 33.825661 0.236166
-3.817720 -80.408674 0.302534
4.658116 -125.200878 0.206537
7.406200 -137.452298 0.109504
-37.658547 281.272476 0.226875
10.843439 -227.768800 0.244094
2.323591 146.761726 0.224864
-36.928781 -407.990223 0.151066
-10.418015 -33.514119 0.132499
18.261975 -172.316673 0.230282
-14.348786 220.046875 0.261540
-19.104931 -64.708571 0.168060
-15.077462 -199.772395 0.166235
-29.201044 25.776607 0.171111
-52.928824 126.607315 0.198376
9.913326 269.231591 0.127580
5.709121 -259.261965 0.224503
-16.379356 141.120309 0.111102
16.247570 -147.228966 0.332174
12.296140 187.883500 0.141995
10.711991 -43.721752 0.143185
-1.470676 390.833829 0.182602
-55.770647 -115.019332 0.274737
-28.181963 73.762623 0.340779
5.086976 486.059033 0.200361
-19.813141 -9.812156 0.170997
4.887359 -48.207486 0.170371
47.058413 158.972923 0.255456
22.158417 282.657970 0.213613
18.425456 150.758035 0.127779
12.842648 69.682142 0.163348
-4.696973 158.827275 0.127388
14.975926 196.100061 0.177936
0.728862 -8.691851 0.140528
12.573104 -59.821039 0.145987
20.091209 -1.332494 0.228226
-25.826336 -21.840994 0.127674
32.495809 -30.929505 0.204075
23.883512 0.439195 0.239484
34.824273 237.317402 0.097334
2.495462 -257.764369 0.267970
5.473038 -453.613497 0.284055
-33.318189 -38.367537 0.216226
-0.826609 -82.659064 0.241719
11.777219 -190.186362 0.171917
-24.091762 219.652704 0.178594
7.546050 -369.250860 0.237860
23.516784 230.098422 0.157816
-12.661071 90.433429 0.319276
23.342588 46.868816 0.255921
6.986977 -190.977773 0.188792
-4.611202 -252.058502 0.165813
22.878244 -67.004045 0.244487
11.241205 167.273295 0.203762
-1.648680 -7.164792 0.142175
-0.409540 -351.875086 0.284935
-6.945790 305.026536 0.117055
9.621656 218.522146 0.218370
11.969669 225.153825 0.244963
5.052803 174.914871 0.259448
-8.431104 34.982489 0.187351
-9.492829 223.904441 0.262068
14.389754 87.482552 0.160495
-9.546784 -65.736322 0.196564
-6.978552 220.834940 0.286960
-15.768886 60.767580 0.257261
-3.809376 306.447918 0.181703
12.686578 -278.909352 0.189804
7.229889 332.558654 0.167584
20.681681 -18.821107 0.159243
-14.606590 -112.389565 0.195675
23.048356 -47.955353 0.122367
10.284457 -213.336777 0.179762
-21.612461 184.445763 0.232337
-1.700365 241.190713 0.126038
16.459650 -217.860532 0.288744
29.799564 235.448063 0.240626
1.861092 -284.173371 0.268320
-31.437269 -297.179326 0.306307
-8.028926 481.208757 0.230763
-25.966222 18.148863 0.175053
21.613141 -328.513420 0.237689
-8.438559 82.558126 0.198079
-29.538360 67.142809 0.144110
-47.852341 -53.546174 0.279237
-6.956727 202.859086 0.163980
-7.068160 84.117875 0.249102
-1.714679 135.820557 0.158725
-23.582736 -202.238052 0.195631
36.458318 74.744324 0.144189
3.401468 82.687759 0.284162
-23.549406 250.076415 0.170153
34.459038 114.234683 0.219041
-19.310238 -92.836232 0.169799
-18.759499 186.446883 0.222212
-15.520976 179.134158 0.228231
44.094101 421.106504 0.140352
-11.581430 -206.547502 0.137172
-10.511215 129.204326 0.200435
-9.594390 60.183875 0.257955
20.746506 87.003152 0.096725
-20.691399 -122.565903 0.141442
-2.990057 -235.482939 0.175012
13.493122 198.866294 0.271989
-8.497999 75.167858 0.220348
7.342910 98.672874 0.246789
-18.173422 -274.456670 0.177825
1.547328 242.077270 0.141896
10.625127 135.916482 0.204250
-22.363340 59.392557 0.173476
-38.646798 -47.210544 0.212149
7.828318 131.775547 0.151635
-25.261516 -57.070081 0.349507
3.402796 -62.503118 0.206404
15.683158 -60.592302 0.156096
3.340406 57.387986 0.222153
-24.546374 -55.655279 0.251349
-0.921461 -147.229836 0.246868
20.365546 -102.306765 0.248897
26.929054 26.539671 0.161110
13.647355 7.050794 0.182919
-4.717215 -116.514998 0.180287
25.109944 -31.844128 0.150647
-24.583903 -73.776536 0.234863
-7.006408 60.932957 0.234620
-38.975630 -317.996016 0.215295
-8.114407 139.185857 0.169828
-9.909883 -185.530974 0.175845
42.146171 191.808344 0.163145
9.370841 135.493338 0.175823
28.154520 -49.854913 0.136589
-30.432390 -25.223682 0.206570
-8.995189 237.897974 0.120609
7.168661 246.412664 0.259148
-24.794713 -230.489025 0.145211
6.336662 -245.278321 0.163504
13.943806 -153.472283 0.233908
-2.405992 334.193521 0.224965
2.017418 -88.316196 0.122819
4.554596 -190.374597 0.221950
1.259639 -47.100339 0.129839
7.357485 29.237545 0.210243
-14.587520 -59.763917 0.224165
-7.232085 -54.844062 0.301662
-24.176835 -73.789561 0.153354
-6.580039 -315.982553 0.236353
12.557687 53.593736 0.153455
4.915424 -268.566739 0.198590
-11.016927 -2.338741 0.303785
5.951310 36.234407 0.285541
17.359545 14.163264 0.267018
-23.762667 52.892178 0.213865
-0.605985 -495.172031 0.210207
-5.582195 -130.905731 0.191790
14.566228 332.831189 0.243974
-32.028033 -431.531948 0.212067
13.217659 -55.517710 0.210004
-25.332667 -89.553978 0.114931
34.687106 -21.480097 0.219145
12.742003 -95.572025 0.219813
5.127765 -65.879226 0.198471
-41.329198 -161.268281 0.222888
11.067648 164.342988 0.152943
52.534087 105.405650 0.189343
16.029352 -170.343428 0.100564
-39.628331 -32.119919 0.131974
-18.725084 -72.380231 0.203804
-7.897715 -74.772395 0.236465
-28.021509 77.921743 0.226312
0.075526 -114.731228 0.318519
-0.277631 67.301570 0.147459
-1.378429 -224.592849 0.199547
32.940779 -258.124231 0.280736
27.438363 -364.602518 0.195975
-18.383148 164.548464 0.233052
15.826341 -206.713027 0.181291
-4.583458 86.300269 0.217541
25.968705 -322.237951 0.158827
-22.076399 393.616479 0.218493
19.048390 148.430354 0.250243
30.341112 26.563924 0.234427
-14.508779 307.334065 0.136525
8.785053 -22.837133 0.143534
-4.692300 -88.165167 0.230290
9.085723 -306.478480 0.216467
6.713724 41.893837 0.254964
-2.374801 -310.080418 0.251777
-7.105949 45.305234 0.226378
19.413942 -164.044593 0.225121
3.142968 -118.103181 0.170970
-11.462714 294.827825 0.206760
-6.706864 -10.772858 0.204247
22.060555 -105.034996 0.152235
22.569632 61.836628 0.195630
-34.529660 108.713987 0.121368
13.906159 -65.936243 0.207248
30.106817 -480.301446 0.148549
40.978934 244.431522 0.101323
-33.019811 218.905853 0.154199
5.661409 -165.017445 0.148505
30.276412 -99.272090 0.168147
32.772440 -29.857566 0.188977
17.156073 116.389692 0.209543
-16.119461 304.720032 0.292037
15.525854 250.195521 0.173827
-1.239515 -102.614636 0.337964
-14.525297 -138.887237 0.249859
11.267558 50.894114 0.102574
6.234623 -66.649892 0.151625
-22.930492 -84.737183 0.265475
-21.920888 -254.370024 0.205000
15.468295 -175.849678 0.119610
-8.625208 91.723595 0.143155
-1.507722 130.037053 0.188509
5.965475 -232.532614 0.191483
24.101253 -70.081308 0.211410
-15.969022 161.657100 0.235541
41.468802 -189.024713 0.167284
-2.938781 183.633270 0.142374
9.335232 94.904226 0.291732
-11.464514 -296.050080 0.253645
-1.570621 118.378958 0.176086
-0.212446 -131.142536 0.214582
-25.101152 169.346495 0.259286
4.765642 -54.290501 0.273959
4.855101 35.791769 0.162126
-4.612451 -30.968490 0.200471
-8.681295 174.397488 0.281386
-6.636339 -100.705155 0.191075
-2.167299 -49.124928 0.216803
-30.711847 -48.641892 0.197384
-29.025054 -303.540889 0.144386
-30.804453 180.267415 0.183335
-12.731307 -164.589816 0.222024
-8.777730 -254.352365 0.266678
-39.469004 -14.711365 0.220175
-12.179898 -142.966638 0.192930
-12.353068 -145.867144 0.168818
1.820955 -113.534842 0.257269
2.551587 -32.434637 0.364734
8.477591 -69.962304 0.343946
-10.881383 -91.021009 0.107817
-15.651028 155.502517 0.199974
12.126601 -83.234248 0.214419
-23.116785 443.812991 0.231316
14.151995 57.229484 0.220389
-24.107245 225.178765 0.166523
13.318343 18.379484 0.221567
-21.637416 -177.850078 0.215084
-11.380841 115.675372 0.174803
30.398563 226.375657 0.131063
27.132711 107.692931 0.212991
8.049556 -352.337017 0.182369
22.244844 24.068249 0.171870
-23.016949 216.168197 0.198766
-1.950821 -128.444105 0.176684
20.341670 -174.437955 0.233983
-26.836758 224.314635 0.204453
9.260845 -56.268833 0.290720
-32.388285 -234.860253 0.074988
15.802466 113.821095 0.202305
30.105704 -190.517010 0.259619
-5.963952 -152.628252 0.290963
2.246124 141.330915 0.254922
0.109462 297.009648 0.114675
-7.668472 178.621741 0.231638
-16.463647 -285.501909 0.252094
25.454845 122.041813 0.114044
6.635259 -265.693944 0.217471
34.491055 232.631082 0.192671
-5.514104 252.730392 0.223192
-25.598053 103.863311 0.093979
-28.864289 -83.537509 0.178115
3.919645 90.869539 0.276343
-19.607903 -99.405052 0.208633
-35.293111 161.268998 0.189602
21.954723 130.950312 0.199849
-8.583840 27.220223 0.261227
-8.514364 208.943478 0.169182
-21.488158 252.106561 0.146344
9.797149 47.276348 0.127908
-7.636228 30.721213 0.177305
3.885151 -441.664744 0.154339
-4.387679 311.948591 0.153177
5.378584 -66.943968 0.170279
-18.319695 85.246113 0.197991
20.825490 -240.652983 0.189011
4.662617 -21.085066 0.203278
18.628691 9.378529 0.270460
-4.513179 153.424356 0.246604
-14.754399 27.181675 0.169559
-11.081958 -220.012924 0.236377
6.689467 -81.824239 0.246955
-10.495228 -94.392106 0.199222
15.155649 -285.980028 0.175776
-8.502088 11.844767 0.185826
-29.025727 -190.745970 0.249216
-1.012832 -13.745602 0.173790
-26.302052 -95.335883 0.196513
0.328041 42.653080 0.169851
-25.706506 -267.445961 0.200426
2.899260 -224.664585 0.099271
-3.877259 -83.835081 0.233494
-18.243493 250.144240 0.183414
19.827888 266.737895 0.184058
0.730909 49.803570 0.060910
-22.796664 103.911714 0.264750
-2.270505 206.748910 0.218831
-0.103799 -339.112608 0.130671
-14.580912 -170.446448 0.201988
-7.830546 93.239006 0.180193
-6.964489 -42.359187 0.163654
1.823891 203.083774 0.264665
-18.576157 -127.390739 0.215051
-3.138352 52.937380 0.123672
-11.335213 117.261386 0.169447
-8.540135 11.572639 0.134022
12.387089 -108.405322 0.160510
-22.043389 29.487387 0.142835
20.865272 105.097888 0.172944
-19.098161 24.118668 0.187211
-22.171151 -20.676600 0.190751
-43.574604 -447.726184 0.217566
7.459970 -163.329054 0.273968
-7.178888 75.060970 0.250071
24.017398 64.482276 0.199919
-2.509917 217.450519 0.221432
-17.238442 291.690910 0.147746
-2.887775 -129.587601 0.233627
-23.893252 -78.893520 0.200581
-5.858462 -37.442704 0.238251
-23.632989 187.315528 0.178224
-22.353377 350.005675 0.204093
-11.062223 121.571177 0.243568
16.677256 -209.837655 0.232071
-32.994686 246.329423 0.220813
-23.343806 -43.213268 0.222053
-25.629024 -161.640038 0.232441
12.222841 -60.512184 0.141647
-23.870992 115.621037 0.213852
-4.779853 57.025402 0.191382
1.176176 -136.773349 0.115194
-7.264505 -26.639450 0.163943
17.055650 -253.056767 0.201518
21.187874 135.866739 0.100568
45.235413 48.700606 0.138175
6.225288 -212.630474 0.195636
22.062371 186.416691 0.248313
19.615847 -250.081818 0.080399
-23.427942 93.388854 0.230276
7.825144 55.850303 0.195306
-27.423158 -82.825552 0.233802
16.760563 328.665598 0.197981
-6.313044 -244.135489 0.144090
27.699839 116.159668 0.306852
2.581419 336.358721 0.313687
28.803601 -148.034285 0.249029
17.841847 240.365820 0.239622
-25.055683 125.669136 0.158026
43.529496 18.842482 0.178946
-0.155389 12.831256 0.249103
-16.260648 -363.888241 0.207561
-33.804753 -26.146992 0.199281
2.410012 -106.805379 0.324362
17.613672 -64.740230 0.279987
-3.144594 161.211739 0.233168
8.283001 413.127357 0.172705
-54.830029 219.645790 0.243130
17.056989 160.125659 0.266721
-7.697719 39.729426 0.180334
-21.546778 73.523534 0.114069
-14.284814 92.203918 0.267241
-5.180511 5.316404 0.189236
17.129661 -94.980304 0.176777
-3.673726 -67.045873 0.211945
11.819695 -80.900915 0.168491
-4.419315 284.880358 0.181372
20.234321 -249.221777 0.199044
1.426627 -19.695139 0.189439
-10.818243 198.446013 0.180390
-29.054046 -67.793153 0.160936
-18.376742 -390.754734 0.202349
42.422384 -97.459560 0.201761
5.509385 -62.173339 0.260450
-22.559889 -195.099666 0.231474
4.139610 -82.011182 0.157000
-12.759527 273.188582 0.258364
-36.497838 -69.327110 0.185841
9.410591 -49.891916 0.249436
15.421255 -101.016731 0.158063
11.794525 -322.777457 0.272264
35.164522 -266.833501 0.218162
37.536181 168.476878 0.201946
-32.085269 83.287254 0.213107
12.533307 -2.342433 0.240592
31.704400 0.317466 0.198478
9.357430 -211.727040 0.146364
10.655410 289.928054 0.168903
-1.714242 143.357355 0.261713
4.278460 -32.483122 0.173191
1.907323 -129.735622 0.282965
35.538323 158.111226 0.214667
-12.249570 42.815560 0.210273
-0.453009 -17.266438 0.201829
-27.468727 533.649923 0.201264
-8.602147 194.410527 0.290482
1.313346 158.817104 0.234668
-6.299205 113.583510 0.201953
-8.011346 66.917419 0.246371
-2.049924 208.166381 0.239397
31.623556 -496.857052 0.171218
-39.202027 0.441049 0.209029
0.118594 -195.793771 0.262027
-35.861567 -228.293388 0.235317
27.539679 143.165449 0.319206
8.230517 112.076701 0.142658
5.066239 -70.505440 0.227054
0.345543 275.347105 0.179801
23.719386 108.393265 0.156584
-0.853657 -152.831658 0.297203
-22.113658 -629.683085 0.156972
32.377759 144.258791 0.193194
33.404300 -81.515303 0.189658
19.350607 -22.301557 0.223970
-18.354424 239.375583 0.220346
-9.346817 -210.944577 0.205220
8.162487 413.631138 0.194396
35.717459 272.187723 0.271194
12.376773 59.383406 0.178224
12.854009 -68.025509 0.160174
-19.146894 -51.217661 0.161020
-13.691832 264.493935 0.154907
-5.063933 130.070477 0.108543
-6.077118 -29.447397 0.248375
-28.033831 151.961527 0.098926
-19.920148 491.489818 0.232658
10.455705 -204.182769 0.158196
-31.711686 -86.807492 0.218700
4.873384 181.172863 0.211286
6.643418 283.119692 0.110299
58.721048 -55.822239 0.231599
-54.104426 -353.415334 0.220369
20.041626 316.091024 0.204535
20.410730 215.930186 0.220010
-6.789217 105.322748 0.191506
5.136133 -46.907209 0.199871
-5.163968 -74.251819 0.201189
-15.730184 -24.431116 0.202850
0.369483 29.444802 0.181370
-18.538876 90.449325 0.263983
-21.608328 124.694412 0.104487
19.726098 -85.801814 0.225156
-3.299365 416.916971 0.142562
36.385430 18.936349 0.168183
29.908704 -37.103666 0.229054
20.697153 169.419589 0.232296
-0.880570 39.757357 0.273794
33.034189 -167.997197 0.146875
24.254920 -50.886772 0.204869
-7.391786 90.458769 0.268817
-13.268774 -25.120657 0.174929
-33.247297 297.366922 0.224831
-4.294934 175.182181 0.179777
6.493256 481.329713 0.136335
12.010550 -50.514525 0.193574
-12.959535 -46.327811 0.174049
13.468591 -197.920278 0.167103
-4.161479 74.338809 0.132146
6.537276 205.290672 0.230907
-3.522907 -250.780846 0.252793
4.774875 -536.506233 0.133306
44.673555 -131.446799 0.169348
8.316461 17.876691 0.223134
-21.695883 85.092092 0.257358
-16.902443 334.493861 0.202011
-4.048542 218.814007 0.244186
-11.335304 -71.084887 0.148081
-40.352612 198.893798 0.226310
-9.010411 181.327530 0.231167
8.688095 15.951658 0.281316
4.346880 529.199269 0.214722
33.394005 -137.849200 0.174234
37.349166 502.455775 0.210945
-16.889982 -387.817748 0.216865
29.677987 251.483497 0.205263
-9.971810 162.276002 0.224662
9.080639 132.915790 0.188889
-32.570470 -2.651565 0.139223
-61.174530 -96.456948 0.089339
-11.494472 112.465466 0.192972
-25.529565 40.693258 0.162452
15.792114 -7.057391 0.200290
-16.345158 26.189470 0.265203
-1.004614 39.681512 0.221575
-15.537282 38.614145 0.108422
37.309135 10.279311 0.313744
-3.451157 -384.491267 0.271206
-13.714675 -182.470654 0.205409
33.019277 73.568346 0.169318
-38.600523 -99.242013 0.217707
-1.034685 -27.713507 0.196903
10.871877 171.771842 0.167826
16.370843 13.694151 0.290536
6.801409 117.670028 0.169971
-17.330827 284.577823 0.226761
-14.430815 62.210584 0.239162
-8.021844 -270.761334 0.220935
12.317145 -13.100989 0.201833
-20.681917 -80.393107 0.295228
-11.254118 75.027231 0.194193
30.172492 -349.032984 0.162345
-6.270680 -136.730848 0.229346
22.375904 115.141375 0.351396
8.022541 25.098691 0.126594
-26.047840 90.853669 0.230548
16.091509 154.362329 0.207421
-43.688520 -250.168058 0.159681
-11.211519 -195.969445 0.189664
-22.834991 12.496578 0.263758
9.537330 -35.517510 0.193333
-11.122373 -400.136755 0.205747
4.832197 -73.009269 0.137122
-27.247082 -86.627918 0.167868
-19.270683 -8.364749 0.129050
47.204772 87.128698 0.139907
-36.856628 -45.245387 0.144245
-19.833940 -116.378746 0.118249
-28.884159 66.059606 0.204195
-7.489737 257.104379 0.246575
33.346186 -120.728619 0.223326
3.959469 54.084697 0.176912
36.154151 262.580848 0.194335
35.161618 48.990779 0.169849
18.002914 184.725331 0.204609
-14.894929 97.204912 0.195184
29.929877 -226.264857 0.175847
-21.954551 -216.022735 0.228952
36.459825 -239.689108 0.240166
13.152405 -49.882877 0.191739
-0.785941 -556.957940 0.171252
-3.722155 -83.830737 0.225620
14.432994 -99.046570 0.226370
3.189207 -110.057501 0.208320
-7.170914 202.451375 0.242531
-5.714148 -99.931036 0.260875
-18.662485 -22.751504 0.257966
-3.175117 -116.662345 0.281134
30.875295 22.600380 0.239500
15.175350 202.822053 0.157146
-25.900260 -113.670242 0.250021
-22.130525 52.914787 0.310828
6.301703 11.919872 0.177280
6.241103 133.951176 0.238901
-8.035760 199.062703 0.233076
-3.946416 -33.761924 0.203292
-15.950610 -289.891258 0.185558
-1.051170 181.448480 0.236595
27.433486 -46.886402 0.095591
-15.968339 -301.859777 0.187519
-24.878794 -321.876837 0.282119
4.269448 -210.412820 0.188107
-25.775091 128.356698 0.222281
27.009071 255.481861 0.210966
-9.013747 -120.079342 0.264082
-6.410095 -538.581839 0.233922
-30.440637 -165.247182 0.235142
-39.189278 -171.017070 0.121155
23.375344 17.852953 0.228736
57.823558 141.488145 0.223107
7.787473 250.122160 0.190416
1.495263 -197.728960 0.229690
22.708787 -53.581279 0.259344
7.637308 -282.947906 0.177743
9.713804 -14.062711 0.215010
9.460103 141.793281 0.170421
36.590681 180.594737 0.257186
-3.564651 34.698495 0.235732
-6.978669 647.958168 0.253560
-24.265797 -16.720398 0.149767
-13.676617 48.958143 0.254875
18.404717 -121.787046 0.169818
-10.651532 -91.894406 0.264841
8.265866 270.163646 0.136363
-14.318260 -53.196960 0.193694
-15.404804 -292.508726 0.290127
19.994325 -82.845911 0.207011
-22.115159 -216.105503 0.312280
10.890170 -265.018447 0.149243
29.402715 59.413835 0.191865
4.305223 -52.059818 0.168186
11.860029 -34.814627 0.274918
-13.333058 290.998198 0.284085
-26.971485 192.308809 0.186218
-19.087318 137.106256 0.149975
-13.938445 220.733290 0.236271
-5.954347 -122.063908 0.156425
2.065298 -19.725487 0.166728
22.204929 -549.350400 0.201564
-27.692660 184.811107 0.180261
-21.459210 -123.473058 0.141689
7.527866 51.687129 0.187451
-5.390235 -81.586013 0.157899
-23.208714 -24.271803 0.192956
13.071719 82.534182 0.181003
-2.856156 -81.101925 0.156175
17.753539 228.064301 0.254552
-32.218277 -82.881066 0.238844
5.034683 267.668162 0.137539
-1.081293 -164.578351 0.211407
3.783512 124.180749 0.157762
-24.882103 -186.056566 0.214141
-18.716370 -29.397969 0.194981
36.451766 16.272683 0.115955
-2.700495 -66.927151 0.160344
-10.610124 -28.837151 0.136042
19.426241 -36.773399 0.171794
23.250403 211.916739 0.145257
-2.460785 28.230034 0.233778
36.437266 189.093643 0.321495
-6.399628 367.148691 0.216083
-46.598675 -109.379392 0.199644
0.049970 -191.411369 0.244411
4.613792 163.743147 0.127264
40.136305 -36.188589 0.258205
6.964340 124.975950 0.276190
-0.872058 -121.522012 0.190131
-6.215021 -277.187283 0.178808
6.670078 349.700070 0.200892
-24.512576 301.681488 0.165683
3.450606 -14.745787 0.167532
18.022130 10.412055 0.229871
11.488286 625.833870 0.147730
7.319750 -90.995465 0.231084
-7.735299 -109.174585 0.225401
-40.400824 -3.216046 0.167270
7.065654 6.713307 0.228720
-38.101736 172.187506 0.286899
1.322632 113.722499 0.177895
-9.474589 -165.073227 0.189374
-36.439049 -29.484292 0.197119
-57.211071 143.377748 0.250571
15.516033 -236.378765 0.183545
-8.203315 -397.573803 0.188208
7.485806 163.469063 0.140696
-22.048915 60.757740 0.169105
16.458173 -145.274713 0.271671
4.285867 39.834652 0.225680
-42.446730 -232.918559 0.172373
11.335000 -25.827834 0.137368
3.605864 16.927116 0.239643
16.037147 157.145752 0.180439
4.860922 -162.246602 0.205881
2.694413 175.760055 0.161739
1.660265 -250.452610 0.163677
16.288004 -57.961825 0.189424
-15.072131 -245.719548 0.203552
1.042192 168.837612 0.132042
18.437336 -64.289316 0.250864
6.347865 446.975535 0.159302
17.805974 144.716123 0.248748
-15.511411 155.246645 0.291786
-6.732480 365.821596 0.168766
-0.999979 25.317490 0.220961
-1.907329 29.496112 0.219933
-4.716297 -259.130761 0.267522
-17.697550 -389.786091 0.119334
15.519458 -156.432958 0.170780
1.459574 261.179985 0.147319
-9.245019 -145.045287 0.197090
-8.370523 77.349637 0.264536
-12.119968 -181.624937 0.243049
44.073294 -176.638022 0.197103
3.725182 -402.864429 0.171625
45.978248 26.341688 0.199044
-21.516915 182.907044 0.130349
-19.832532 54.215687 0.308368
36.271553 -45.743912 0.165488
6.513797 449.991416 0.062005
36.121191 -11.369776 0.195377
14.722000 46.800716 0.166897
-6.317804 29.340421 0.186267
50.532917 170.099984 0.241395
-30.212871 -260.694600 0.269579
-0.145586 116.406313 0.129304
25.637389 92.919713 0.147160
-3.293455 455.028895 0.109682
20.266486 -152.858682 0.242757
9.011395 186.245444 0.241693
-31.321293 -17.380415 0.140649
12.610685 -22.730639 0.174744
-1.186416 267.095697 0.180372
24.737028 -154.442762 0.215680
6.850639 -392.340230 0.229294
27.872890 42.646121 0.175966
-4.454362 -82.556945 0.181209
6.104410 103.815750 0.113446
-0.269188 44.615354 0.288287
-9.806579 313.174289 0.231862
11.790388 -100.980759 0.295959
-13.846856 -161.841049 0.110897
37.745650 67.932940 0.219794
-4.296818 412.027462 0.188497
43.227620 -87.422831 0.253718
-18.996186 -70.506085 0.238357
8.420995 -56.710285 0.162961
-0.456229 170.834058 0.155396
5.198607 124.488915 0.201872
2.532944 -141.718068 0.164643
-16.257610 -152.370933 0.215294
33.819779 365.364739 0.204218
-15.050446 197.488066 0.113683
11.053688 1.640608 0.260155
-10.179757 211.518074 0.279139
28.451121 46.155707 0.145642
14.571621 96.849866 0.153537
-5.267849 528.412524 0.299328
-26.758148 97.539018 0.081392
-17.279168 -14.122966 0.132977
-3.411056 -17.059644 0.208250
-23.569080 -190.495606 0.206402
3.212797 -177.212589 0.219459
-17.744225 -205.586811 0.154758
-13.471645 179.920631 0.160422
49.706124 -138.701245 0.276105
-22.227507 71.315043 0.235771
-28.814404 154.915656 0.300501
-5.427952 -137.370330 0.132610
3.395119 126.595233 0.203576
-3.433684 177.482901 0.245230
-19.744581 -219.846602 0.306897
7.494271 85.378431 0.184540
-4.524181 -173.670227 0.159865
6.908364 -26.436866 0.228520
16.295472 20.131693 0.164776
43.397865 -255.618379 0.249502
10.891569 142.953902 0.211312
-8.832866 329.722414 0.264639
-3.733181 -125.196775 0.167137
-12.097612 47.613387 0.244424
-9.085538 -93.855330 0.199099
-13.391135 439.921146 0.239132
18.831874 -126.078484 0.190576
-16.122568 57.262751 0.174862
-3.171543 -57.020506 0.212677
-5.164543 -57.198102 0.213961
-13.421907 -190.048517 0.117509
29.548198 246.251707 0.199879
-47.965870 -134.171352 0.165060
-38.222986 379.096896 0.248765
-18.849019 239.234421 0.151793
0.636490 -44.084532 0.181202
28.533227 -9.954853 0.140959
-20.896987 -47.891413 0.170549
-25.148480 259.799735 0.166249
2.982546 250.364631 0.215736
-23.846780 -43.955091 0.209724
7.121136 -64.958611 0.223730
-3.970844 89.729114 0.133749
36.299689 -208.583021 0.261180
-11.804527 -259.478472 0.210009
29.174333 -237.480327 0.199705
-27.261934 18.483659 0.234069
-13.037788 101.663144 0.158199
55.153749 -171.392386 0.167247
16.415114 -434.952308 0.251009
-53.256708 -14.810767 0.150479
-17.806435 -13.613700 0.157342
-31.029459 -51.657803 0.321196
-8.830706 112.772438 0.241523
7.513762 90.427104 0.277579
2.732397 110.584274 0.270130
-16.635911 299.342522 0.255155
2.318895 33.457451 0.249198
-13.705523 31.273084 0.269220
-0.889822 7.684781 0.237934
-4.048128 174.544233 0.064851
2.102595 296.773192 0.191242
-47.520790 -270.687910 0.235005
15.468790 136.990179 0.162094
-4.585264 78.529765 0.228422
-19.886441 257.738589 0.185010
6.157245 197.943203 0.221038
2.021127 87.636426 0.245045
1.292019 320.307502 0.176921
45.475410 -7.475411 0.266556
7.716175 -57.786207 0.209828
-10.455234 249.099796 0.110930
10.757829 -395.271213 0.136285
-25.548006 26.101028 0.153855
3.682303 28.524545 0.202968
6.271701 -186.304926 0.247838
-7.939257 -48.085526 0.125637
-13.690356 108.764850 0.190972
6.202781 -301.519664 0.266623
2.645352 178.855745 0.136979
-35.724636 -255.152224 0.121953
37.839812 118.326497 0.153312
0.316717 -61.051443 0.129256
16.842593 -69.106024 0.168700
-28.230166 -351.165689 0.177721
12.766444 -385.545591 0.208234
-2.781191 174.452601 0.226199
10.107872 217.401421 0.199813
-3.666817 356.946375 0.209077
-1.978336 -193.256693 0.190524
-8.765066 -0.361304 0.153003
31.537387 -355.436627 0.202476
15.566476 602.444697 0.152948
-49.333769 -172.923087 0.178268
20.277026 -249.726349 0.279102
-7.689694 -330.915618 0.166553
1.455239 271.258839 0.233718
-21.242788 -132.530695 0.259406
20.805143 94.554579 0.168336
-7.431072 147.862557 0.166100
18.809461 -58.774603 0.153808
9.648917 -393.410187 0.165943
-32.104705 -66.137552 0.116717
-7.634872 32.358008 0.175241
6.600971 48.101001 0.267769
28.822331 312.547369 0.243038
-39.850436 27.313290 0.238806
-18.700380 -2.344697 0.243662
-3.935299 -82.598216 0.299015
-18.967955 205.237510 0.308831
-0.899552 299.516737 0.218602
35.980464 -208.017245 0.260764
26.910705 40.024494 0.123008
-21.635873 27.265834 0.212387
-4.003680 70.147719 0.256830
18.404391 -314.978661 0.233458
9.417504 -162.353543 0.181953
9.914844 419.722928 0.192725
-16.522109 -88.730393 0.175176
-2.613514 -0.355729 0.159390
-2.332906 33.684889 0.224246
-1.475911 -69.064160 0.152062
-7.112439 -1.178743 0.213545
26.915667 43.179849 0.214242
-10.113493 -247.829365 0.190222
2.853446 -162.869927 0.265035
17.000587 9.258737 0.126862
-23.183281 28.986585 0.213360
-29.293729 -277.676757 0.173145
-16.503636 138.240973 0.166664
4.507201 -124.439454 0.192974
5.577938 -55.846449 0.223507
18.144222 -200.804342 0.224295
-19.633532 114.180990 0.165928
-44.336392 273.117672 0.149992
8.400150 84.119906 0.212840
12.802802 272.651843 0.206949
6.309652 -149.973152 0.200794
2.875780 -197.306120 0.238784
16.370179 67.260487 0.259222
19.331050 206.022888 0.195907
6.013479 297.836530 0.227954
-28.601347 264.895906 0.259960
-16.430630 113.263210 0.242027
30.474516 -73.709156 0.203552
18.354094 298.077997 0.175146
25.306794 -0.883849 0.216982
-3.451284 -138.739556 0.084806
10.553683 42.006870 0.166063
-15.668214 -30.684296 0.192884
25.918005 -32.817538 0.257894
-2.130146 47.884987 0.233048
-6.588823 -149.800089 0.267738
-2.535673 -375.496228 0.104210
-4.521862 188.857021 0.206817
-9.715038 -234.866260 0.190549
15.846425 -25.624627 0.145295
0.940514 -67.742964 0.275361
2.078129 -58.375660 0.201894
-10.990760 -145.320231 0.151301
-21.419396 -47.215348 0.298295
8.020404 107.615363 0.165927
-19.584043 364.549815 0.238359
-17.191750 31.759933 0.211191
11.168742 -23.751755 0.165460
1.443602 -172.552441 0.112502
31.438919 245.072016 0.148589
-28.354444 162.093751 0.185583
20.435588 -260.633074 0.292442
-27.033926 -329.831413 0.132276
-21.848220 53.357854 0.287909
-27.838550 395.918399 0.232013
3.587337 -357.602357 0.301750
-20.913004 225.889651 0.204955
2.710014 -45.552674 0.182846
-14.890258 -487.485539 0.115425
-2.191725 -62.088886 0.272608
-24.824322 152.253270 0.215347
-11.613416 -24.709643 0.199366
3.965072 401.269464 0.218012
27.440046 267.879146 0.171313
-9.850195 402.808971 0.247809
-38.791499 -33.430408 0.299720
1.416151 102.707060 0.180385
-1.532522 121.713973 0.195742
10.264478 128.936230 0.221899
9.490211 187.997342 0.139733
-27.395335 -47.233945 0.200066
10.153174 429.002776 0.273173
-16.124489 466.854799 0.155878
9.964608 -106.121916 0.263864
-9.953106 -83.569604 0.281920
20.506521 163.851170 0.194764
28.100264 25.888820 0.151595
27.060494 93.124252 0.235241
19.885636 -35.304299 0.181216
-9.400850 -583.202628 0.147356
-52.929599 411.172706 0.207163
26.197333 221.696727 0.151435
14.596766 -5.385214 0.213916
-38.461279 -168.555079 0.138994
14.068453 -74.906316 0.244378
36.650643 -24.064150 0.138043
23.848008 -103.761202 0.229079
-9.822909 65.252876 0.246245
-14.417537 -208.801476 0.169243
-7.155005 266.797933 0.139180
-40.837965 -188.457202 0.174204
12.047687 127.113584 0.108051
-8.996603 158.557502 0.204187
31.094399 -37.612565 0.262498
-13.917137 175.927668 0.126809
26.288462 510.188650 0.191052
-4.202109 -92.320082 0.210602
-11.009646 -236.002666 0.287166
-14.340117 -168.641199 0.175697
-15.526024 19.865641 0.226651
-42.839146 60.271766 0.293508
-8.381036 335.377089 0.267777
35.336470 -3.662809 0.218642
1.318364 -474.700815 0.233888
6.114527 45.102862 0.201622
2.406406 88.843117 0.177310
47.520262 129.800185 0.170199
-6.624038 -71.593038 0.283038
24.779033 50.238691 0.233876
-14.485996 349.272863 0.145662
-21.823226 -118.124602 0.229969
-24.692133 10.233967 0.268844
23.081292 35.019552 0.300133
11.255782 -256.050945 0.160431
-31.924262 78.043135 0.208985
-34.097706 -28.201595 0.178703
-26.310413 204.621180 0.221023
-49.471966 160.603338 0.233364
13.257829 -227.976287 0.224234
-13.782931 -117.075325 0.168172
-3.791461 14.181664 0.198307
37.440783 57.352831 0.203211
2.889154 41.206396 0.284512
-0.059298 215.837793 0.207250
-11.834707 -222.058734 0.174785
-3.038197 -291.076072 0.150940
23.578060 319.987351 0.201654
13.842192 -89.075664 0.155745
25.513787 -1.708349 0.257556
10.203636 24.308587 0.071286
6.579033 -8.163298 0.293118
-17.078881 -200.206878 0.179677
-0.245259 79.620306 0.097159
-2.851196 311.590856 0.211836
1.181702 311.953690 0.162392
4.090451 192.092906 0.355398
14.200701 229.994631 0.220662
-21.116133 174.199012 0.213514
-3.184322 -142.433080 0.197030
-27.175971 -100.260921 0.117513
-13.386966 -91.942574 0.181045
12.040430 165.234711 0.178289
-3.026692 223.874802 0.114991
2.934125 -515.506774 0.188785
2.982574 -76.096036 0.264949
-15.331193 241.717999 0.182650
-14.183383 73.846131 0.283715
-3.144538 -215.406599 0.230117
7.750378 143.096614 0.253613
26.572599 -234.445865 0.158313
14.923208 169.393816 0.069171
-15.393687 -275.709261 0.202244
-7.468215 -298.124139 0.189710
-59.001435 151.425238 0.314522
4.200657 -24.629029 0.173865
25.471213 119.758231 0.273049
21.923612 301.944074 0.100514
6.567786 -36.290079 0.064924
30.010227 175.903370 0.259061
25.291743 -132.735652 0.147917
20.211676 -9.990197 0.159618
-37.497209 -217.067457 0.280047
7.525908 -327.691006 0.110805
11.403318 30.825460 0.186278
16.781209 -235.872511 0.130894
2.065338 97.988606 0.168767
3.285742 -213.277508 0.282372
-29.572100 -15.210116 0.160627
-6.760515 -117.395627 0.139549
8.171593 -114.461654 0.136205
3.982361 -271.072120 0.226037
4.970055 297.045046 0.240884
18.291688 -280.950703 0.170406
-21.091438 103.620843 0.210626
-3.324038 -405.219736 0.229200
9.310498 147.972464 0.265204
-5.722913 77.003417 0.221463
17.580739 -19.569311 0.155132
1.942222 -142.961704 0.150265
11.171508 109.712238 0.202990
3.586938 -223.225388 0.203967
40.724582 260.533653 0.232417
19.267165 -35.159607 0.245749
17.610435 -100.246819 0.293086
17.033012 -392.012338 0.254001
29.920971 -7.083085 0.207395
-15.274533 -8.183577 0.234573
-45.418305 87.096528 0.107368
25.831862 8.390916 0.247781
7.114171 18.799428 0.188249
-3.230036 189.526259 0.208955
-28.800579 55.514924 0.242805
4.452475 -294.375447 0.114464
3.233749 -69.209147 0.137144
-38.378561 -99.428525 0.083369
24.778648 -197.402388 0.191122
-37.645086 -64.057631 0.270051
1.780729 0.949232 0.175618
4.666245 -123.247016 0.300957
11.242071 -520.028829 0.250025
11.443838 37.390688 0.244601
-24.300184 39.766993 0.212238
19.851108 81.586640 0.206455
12.729704 197.931771 0.221915
-22.304987 261.964140 0.172509
30.249215 -49.822413 0.216414
0.043138 12.981611 0.111795
-6.532539 -279.582550 0.217797
6.197353 2.652895 0.175032
4.084873 5.573484 0.142215
-6.674288 183.173264 0.240783
-7.033275 108.300413 0.263624
13.630768 -218.261028 0.174843
14.425685 201.106991 0.249587
-16.462848 240.339845 0.170170
-14.690600 209.476130 0.179013
21.983688 -343.913288 0.132937
22.680101 -139.584970 0.191987
12.732198 359.816123 0.212850
53.831382 -375.980272 0.206386
-36.977279 132.145981 0.172491
16.579435 -432.509230 0.123155
-43.555751 -159.225976 0.179886
26.875569 -270.623332 0.203839
2.702900 89.766932 0.246298
18.668640 -69.167806 0.220479
30.724541 184.418466 0.205481
-7.587434 -149.397757 0.262506
9.773831 -128.145885 0.199818
-12.582517 -157.630755 0.141981
4.259441 -183.085611 0.214427
-30.016089 -75.275627 0.130994
17.201554 -7.548053 0.175902
-3.844050 -24.118301 0.237557
-12.471782 -265.068864 0.239546
-15.291362 189.543099 0.230205
11.932986 6.433273 0.216308
-36.843268 180.325088 0.228595
16.125807 -300.627104 0.252842
-32.868397 289.941617 0.190058
-8.196765 -393.106647 0.206199
-7.098353 -121.479145 0.173743
-25.160296 -152.531765 0.249588
-9.948037 36.763212 0.176359
-14.607757 58.251832 0.111435
45.335625 -179.125870 0.232941
32.088994 -132.174410 0.227831
-6.925353 -24.934930 0.265162
-10.792398 -338.014734 0.164655
-17.112795 120.908806 0.149452
-31.865308 374.410877 0.244337
-4.272610 68.226132 0.237723
-16.921511 215.480936 0.180563
33.196262 -87.266370 0.189304
-36.868016 -36.699934 0.253181
-4.878228 115.420854 0.247379
49.253205 -54.956084 0.231866
5.561429 -179.303247 0.183958
1.405035 -321.029989 0.155730
11.240984 17.472272 0.224810
-4.350338 -91.053062 0.203936
-14.639181 -41.990589 0.234973
35.215449 152.701908 0.146596
-2.812308 414.655419 0.145008
