x,y,z
103.800621,-160.383305,0.345665
-205.459978,6.990736,0.176858
-23.965687,89.313874,0.593759
137.105262,-100.154006,0.724962
1.749015,94.330818,0.392714
-91.067844,17.184253,0.251031
-54.717809,-13.315225,0.830864
-28.300420,-115.956966,0.456910
81.308093,-101.290404,0.708902
-132.647281,46.860526,0.725632
-121.743354,19.401246,0.804848
-25.770471,12.460122,0.849838
131.421808,-8.064833,0.408615
9.028664,-96.078373,0.865594
-145.351097,-197.448248,0.468106
168.759307,-60.045874,0.458766
-57.453658,194.334606,0.505481
141.887330,98.711699,0.009999
-78.245537,-53.824566,0.752349
-13.120574,76.255561,0.833781
-78.421969,21.727417,0.628015
48.686046,74.963064,0.380841
49.545316,48.719304,0.323998
177.995684,-123.224977,0.076864
-199.136459,70.108569,0.610634
-66.624543,-185.154550,0.527935
-112.568251,-33.856848,0.171561
-35.860423,34.618810,0.359677
-73.164942,14.522412,0.080502
76.377912,20.088239,0.958878
-97.361985,-52.418495,0.742766
-10.564184,-23.264329,0.416054
-5.669725,-147.738839,0.164640
-33.776214,164.036069,0.137527
-41.726513,-171.487036,0.384004
-161.608130,61.525317,0.599732
-106.588082,-83.290051,0.723751
193.910191,132.347237,0.704660
6.036685,-120.402656,0.982384
34.241575,-139.703625,0.624719
20.738009,13.589191,0.618701
118.610543,-138.034002,0.180847
-87.756462,197.877537,0.932659
43.919843,64.602616,0.488609
-36.870283,54.502509,0.010482
-77.070444,-20.919273,0.351726
-141.717951,-58.213311,0.584719
-166.532449,-19.928448,0.686549
168.567931,-83.145341,0.545817
163.361111,-61.914467,0.324060
-70.949911,7.412433,0.886641
-153.170803,13.203328,0.969597
-82.346778,81.463561,0.684558
11.438687,32.053908,0.970908
-18.223198,57.351741,0.124887
87.514493,50.215285,0.025016
64.394626,165.336985,0.835155
-95.262342,-19.210137,0.296168
-64.808321,-139.310643,0.265472
24.393510,17.539590,0.750342
-73.789215,64.029442,0.718628
-232.491769,-86.999789,0.764649
86.847695,-7.885933,0.138424
72.172114,11.450927,0.200650
77.158010,-55.766641,0.953837
-158.147827,137.205973,0.684015
182.939552,129.292494,0.232339
-12.121246,254.915740,0.703219
134.057693,148.243637,0.490535
13.304534,260.915870,0.674121
15.794028,-5.324676,0.312332
68.666270,-126.529727,0.177648
-133.489239,159.283737,0.078571
25.704607,3.656011,0.520381
47.337998,98.103058,0.159710
23.652002,-61.670368,0.374513
-89.620720,-122.927510,0.323962
46.569908,60.752500,0.587621
60.575499,44.757833,0.218215
-34.892563,103.928429,0.818960
-4.157182,-15.941085,0.741256
-21.276442,55.893155,0.012970
-45.797891,-69.719738,0.262290
111.843505,-23.059057,0.735387
-20.652372,14.011473,0.237625
52.550437,-2.399051,0.620091
-64.109206,-18.114315,0.781553
-82.088997,53.911814,0.456970
-54.387228,62.176315,0.869566
117.855924,-46.386563,0.522387
-25.936136,-12.893085,0.227502
92.121991,212.413707,0.255735
2.293099,-52.847786,0.610962
19.903620,-16.462986,0.181373
35.158095,-60.542459,0.889689
29.233062,-96.335044,0.231369
92.500943,13.736013,0.409185
-45.608833,28.477626,0.062509
26.468402,139.477952,0.614737
-2.109793,21.055423,0.640705
-215.428376,-77.234367,0.246809
-151.116805,48.272080,0.108681
40.850150,83.990673,0.821342
-32.233357,20.108420,0.640586
-111.609954,-3.690649,0.504431
-120.412106,-22.675734,0.859528
156.876648,-151.948212,0.643064
32.208559,123.736370,0.957508
-68.375011,-69.252493,0.569332
43.669493,14.206095,0.124299
156.461653,-35.913506,0.663745
-59.413363,-8.357766,0.014165
-11.606752,104.040358,0.694867
86.115067,146.374629,0.475113
-104.855866,-60.107217,0.274260
79.970956,-1.482273,0.180291
-79.229219,-39.236425,0.726111
-169.243524,-67.538871,0.635053
54.062886,102.722797,0.155469
38.569244,-44.238572,0.203446
49.908717,-46.003677,0.448116
-170.077498,-6.845596,0.577722
134.007654,-11.734624,0.710794
-30.362366,-125.562893,0.366700
6.474292,-44.019001,0.113432
71.773778,120.005184,0.470263
-119.517304,-104.682287,0.145706
-53.587685,90.505646,0.920587
-16.894421,-4.758384,0.655860
-166.342142,27.417689,0.391935
-9.587314,-224.890626,0.326271
-12.977681,25.127290,0.131459
-30.672091,-132.844934,0.201848
-2.698156,-105.076855,0.298040
85.032334,101.343156,0.392492
-36.463670,-38.131017,0.350086
-75.576607,27.964596,0.225413
-19.140989,146.249357,0.000672
-30.099563,-34.878037,0.799505
155.223910,-67.417768,0.580338
-72.202226,-177.692694,0.507703
-22.545707,-115.831395,0.855811
129.477737,-126.611566,0.205885
-129.401722,-186.154818,0.285248
-72.582263,116.200419,0.197326
-77.888044,23.209031,0.726176
-46.800159,35.764109,0.308579
-53.604595,65.147352,0.180323
-81.072115,-96.009505,0.147919
-29.390728,34.342949,0.606716
117.258108,59.500056,0.155774
-92.801027,90.962247,0.936749
173.251386,15.945807,0.899419
28.610836,22.863605,0.118613
151.402685,39.402917,0.848735
65.536368,-73.225357,0.366902
17.877251,-108.774162,0.105940
-77.801248,-66.501457,0.491148
78.120314,38.011210,0.579552
29.117650,220.694567,0.764367
-76.131989,66.871886,0.808029
-122.251585,-56.149214,0.920873
155.005504,-222.744739,0.678767
37.364576,-120.977379,0.296562
-145.814553,21.003292,0.914955
-26.108970,-212.682970,0.147659
-205.901540,4.773038,0.753644
152.194927,-76.130507,0.632381
-39.071953,80.857536,0.711105
-220.863289,43.137742,0.517620
149.151977,-8.804832,0.767679
-18.814167,-91.183811,0.807802
79.536878,14.937326,0.216017
89.205833,49.485824,0.754950
-12.756180,5.144126,0.785179
205.307887,53.237732,0.193834
-42.697463,-133.979676,0.627761
60.898205,-156.489276,0.571917
88.016001,-18.087112,0.836258
58.312534,-31.016432,0.016194
-80.213516,-168.353372,0.356459
-79.468636,55.286968,0.794325
146.669596,-18.410782,0.576349
-51.260881,-24.577627,0.698588
-26.720944,100.760323,0.962518
117.949786,-69.159510,0.631119
-157.410114,-22.505859,0.861269
128.599327,44.269317,0.512974
54.408140,-103.588012,0.234795
16.224964,132.554322,0.137588
-42.069713,40.078557,0.574042
42.185270,-17.630470,0.350517
30.786140,66.079013,0.445735
116.805292,11.214258,0.568441
0.954658,18.403313,0.460362
-59.786146,-212.376161,0.881192
-175.327615,28.923016,0.451284
-185.277796,-46.487577,0.149228
211.236692,-40.160222,0.354447
14.442366,94.804309,0.318227
-9.004563,107.019904,0.365913
77.536589,9.607967,0.610351
-90.020377,-111.961225,0.622862
-104.687830,228.433187,0.767736
8.830818,132.981531,0.024770
93.912912,150.522299,0.246278
-131.405994,81.502156,0.164731
-14.551589,-73.582916,0.680665
45.786828,-62.724645,0.112208
-11.567711,18.882983,0.375726
-132.447174,17.108728,0.424662
26.180123,71.373681,0.790634
-27.136460,27.675598,0.089972
76.084155,32.173905,0.745156
-78.942446,15.645519,0.316135
-95.961427,-206.490251,0.651533
-27.109037,8.154351,0.107710
-69.397975,22.454681,0.557171
-43.269164,43.806802,0.993753
-31.048647,12.034544,0.401882
-84.817172,-40.182830,0.717331
-85.829834,67.712405,0.578074
92.519421,16.040657,0.242475
52.836516,178.955797,0.761164
-35.851296,35.324511,0.844333
8.404117,-29.880697,0.580220
93.788276,146.952192,0.589981
120.411282,-65.360845,0.291375
40.526190,34.467943,0.005900
-2.283592,84.966538,0.395084
-100.974265,10.242766,0.292683
-33.537777,-73.218108,0.480258
-62.905701,67.335047,0.015800
-127.996248,-4.658071,0.213362
-87.296625,-43.793461,0.798084
84.798612,-86.046020,0.988122
-132.917410,-45.029580,0.133248
88.396003,16.667614,0.996755
-108.796082,61.509265,0.191448
119.216548,111.337856,0.829435
77.601470,-164.733131,0.013768
-10.979890,76.076769,0.693993
-210.281564,163.355731,0.925817
46.069082,124.310627,0.829266
0.305143,82.428157,0.483291
53.953396,39.184837,0.025324
66.632624,-160.044914,0.212944
25.500421,21.233549,0.750566
-8.887409,-155.684722,0.463929
5.762048,69.865523,0.817695
245.556927,5.439337,0.921652
-1.085243,-2.814114,0.788832
24.559409,30.387710,0.450650
-41.254633,76.717189,0.741169
-69.597631,-89.262395,0.751973
57.715389,70.488275,0.397784
-130.363571,38.074526,0.155069
26.987053,141.865583,0.690623
-185.302258,92.855503,0.017603
55.078384,-166.053315,0.217814
-7.190492,151.478419,0.224216
138.841861,-73.958084,0.250810
-22.227833,55.457572,0.762812
72.045920,73.759571,0.332937
80.840997,-197.982445,0.709559
-170.023097,201.756859,0.071444
51.002768,-21.031808,0.590440
159.590398,-105.732006,0.277910
103.736864,-95.790138,0.047489
-134.564887,-59.022035,0.927616
-17.522899,79.167320,0.398847
159.234159,200.426832,0.511446
-78.424177,37.033044,0.358898
35.569612,67.875977,0.955647
-34.164951,-92.070571,0.489301
-106.737767,-59.753248,0.694552
-107.947915,104.889870,0.720175
-61.175816,-203.765175,0.303443
35.836447,49.643285,0.273670
130.337838,156.832752,0.583231
60.707150,-83.254319,0.798957
-0.865635,-17.866407,0.742321
-75.859814,209.402962,0.215858
117.560352,62.611593,0.989760
-52.376803,96.771268,0.524629
-84.644234,-14.380986,0.575445
33.284697,-109.618372,0.532586
-131.423468,-50.781259,0.486041
99.162159,59.960848,0.917701
45.875085,117.973089,0.865981
-139.669082,196.663156,0.923946
9.322222,-26.983204,0.402887
59.586998,-81.287248,0.894103
-40.355185,176.812625,0.964761
-23.402450,180.479136,0.662651
178.482789,-46.841166,0.572731
-67.990796,156.821364,0.750665
-215.237947,-26.112443,0.537124
-64.334487,127.368386,0.837380
-11.692379,-106.586306,0.695142
-5.036845,43.249059,0.256012
70.099926,-21.926726,0.783806
6.554927,-185.052867,0.990507
-144.585738,92.911617,0.866378
39.109793,120.013950,0.140129
-151.064073,-1.306807,0.326686
65.973148,105.010537,0.298294
-77.868397,-38.630745,0.559402
109.168386,-115.784780,0.916373
-180.941495,80.029610,0.903950
89.697092,34.517168,0.998186
81.416160,85.800513,0.121166
10.671807,81.826253,0.822019
-36.507047,-78.409003,0.127296
151.984502,-3.538539,0.737868
32.143875,29.013480,0.887849
-118.075091,165.289444,0.129425
82.047658,-54.652512,0.762697
-56.020557,-248.370591,0.446249
-107.874041,104.668384,0.146330
57.833822,-81.716198,0.348322
18.119901,22.490620,0.228522
-26.157976,73.755117,0.748002
-13.884430,189.515733,0.225365
-59.530490,-83.226417,0.504903
-7.007934,-44.471210,0.056722
-92.042770,67.335434,0.487942
-274.352659,-20.080927,0.358568
-12.099184,62.580517,0.617894
-45.928988,-67.555852,0.050022
-177.455796,17.411082,0.136707
-65.980405,140.223849,0.977080
44.890448,-8.622287,0.295643
-34.274084,136.023538,0.718375
-22.874696,-109.849015,0.622522
-109.455589,134.534423,0.415959
60.444075,-32.983495,0.456002
-102.045122,96.804637,0.380605
22.193115,122.933566,0.624041
-19.960897,177.784423,0.262536
187.016615,21.870138,0.424497
110.742725,-112.149697,0.511320
-151.475653,97.076814,0.641327
95.629009,-97.077117,0.520278
54.800592,90.807767,0.657707
112.222053,181.300422,0.477577
-180.723229,-114.924178,0.105880
-108.846292,-67.567424,0.797365
25.441090,-272.050184,0.995415
73.108940,65.356154,0.893748
104.140949,-173.152174,0.984134
125.021524,-126.187167,0.587478
68.152091,-29.521614,0.878005
52.842705,69.976155,0.445687
-122.491088,-73.036668,0.330185
113.785698,-118.717098,0.831679
35.525344,99.111862,0.831416
7.846164,-36.047856,0.609121
35.336866,-89.633204,0.421940
61.954556,-37.661845,0.022917
17.574555,108.918998,0.750036
14.839282,-94.127587,0.406514
-13.070518,-56.522638,0.695267
-250.480215,-56.094785,0.149525
161.577042,13.379452,0.376960
-25.033662,-50.477944,0.743384
6.707592,57.541875,0.013971
-6.437496,-119.517152,0.109385
-247.078141,28.872553,0.348207
-95.084663,25.419368,0.943166
89.711298,-60.866213,0.223600
-15.652424,2.591901,0.840526
112.870363,117.238457,0.392092
280.184887,-123.630161,0.267120
0.124455,83.921352,0.228444
133.518393,75.250788,0.649218
107.501027,25.642816,0.306438
-50.142153,-37.095809,0.632653
-2.377660,115.555058,0.702183
-175.909312,-101.937013,0.283130
55.290454,30.923515,0.888377
-36.443961,79.916036,0.120437
0.860665,167.906320,0.490835
204.331769,-16.691892,0.162109
12.291980,121.657730,0.811274
-139.079918,121.995501,0.671194
-64.433143,57.588585,0.719836
-1.271803,78.121523,0.261705
50.177126,-172.475049,0.856333
59.008079,164.632650,0.012893
53.321174,21.908745,0.861214
-10.361099,107.627614,0.853624
16.885339,-78.282566,0.921960
-64.728647,-23.404785,0.943972
-8.189093,86.859190,0.468390
-123.932935,62.977828,0.221403
-46.214615,-19.841615,0.485190
-54.416981,-92.608828,0.666044
51.186315,127.036356,0.447938
84.381142,170.961507,0.989154
-81.536453,-144.759170,0.772735
-59.984040,80.377321,0.435771
-83.200116,-58.755289,0.104165
49.979222,52.771955,0.443247
68.815033,-76.962838,0.976150
179.282659,-273.512729,0.274442
-51.396119,175.547675,0.981403
-50.778933,54.328808,0.611734
62.033171,-45.684879,0.353834
11.399918,-26.566786,0.152996
66.631632,135.946965,0.253653
19.966403,-52.112611,0.157680
-91.804959,-124.083834,0.990891
53.981998,-20.883754,0.407422
66.813617,-31.098313,0.583985
-13.327603,-122.802966,0.912961
18.306213,26.606675,0.051002
-295.722677,-233.561670,0.790210
-108.814271,-24.468926,0.709604
124.589456,8.528211,0.036843
49.450007,31.204942,0.827941
99.954449,-24.982574,0.980642
122.922006,-137.890723,0.089232
-13.824718,-125.567903,0.624684
-16.022653,-140.595504,0.389380
-58.718316,0.488724,0.625734
52.969735,189.722818,0.915402
-137.951302,12.166758,0.357572
-51.596378,-102.518589,0.557839
-19.576626,114.960260,0.005580
113.242858,-0.090657,0.591307
90.461840,64.604814,0.451096
66.628493,57.974903,0.152306
131.068771,-176.543679,0.492164
24.692989,-177.324383,0.440289
-111.369647,177.748446,0.264592
-42.069147,-136.383999,0.046129
-74.032321,-31.175076,0.548489
131.324933,-110.126667,0.166805
-74.494806,-105.704904,0.043114
105.802592,93.737778,0.983922
118.990222,-62.079237,0.827983
109.849811,-179.354301,0.576718
9.548469,-119.368717,0.451064
154.748592,-48.859751,0.795191
274.800050,69.831942,0.345927
5.274508,-52.732073,0.974135
-53.092338,68.776220,0.901815
-37.093186,-127.223996,0.319441
-110.702565,-25.849004,0.324530
-4.357371,-65.703000,0.645278
4.208711,-22.291894,0.402023
-106.189776,-8.538768,0.509653
60.487505,43.485078,0.324440
-35.812856,47.372055,0.253458
57.804191,-18.223449,0.329625
98.252044,-86.447509,0.340246
-85.678639,77.605210,0.839826
81.268357,-10.170358,0.361042
-24.775727,211.655685,0.847635
67.167945,223.926105,0.219316
84.126520,-27.099247,0.856174
-8.798259,-52.928463,0.778434
153.884590,-54.883880,0.554104
76.889876,47.799224,0.254381
-30.856243,-12.784644,0.657957
89.267162,-44.193164,0.529021
-54.158909,115.961677,0.170157
-98.121855,60.151636,0.097882
-82.122922,72.679055,0.452260
26.151612,-104.824821,0.092999
36.860709,-162.133741,0.917534
-50.325093,-97.365595,0.031017
6.242194,150.023223,0.068599
-24.237929,-47.480539,0.043516
71.338013,-71.015253,0.668573
-230.250777,39.312724,0.436989
102.521987,90.257029,0.101938
-159.340989,236.884774,0.763851
110.999662,-107.276589,0.308308
70.309629,51.909012,0.121368
-66.339797,99.103766,0.384363
33.566365,21.222413,0.203300
-21.416644,23.684989,0.929505
121.299564,-38.344128,0.097003
6.817601,0.526683,0.501168
14.173571,64.929491,0.176665
-80.685988,23.476178,0.971992
-24.547502,-37.192028,0.168620
-145.899900,97.681866,0.310314
-128.348001,-104.911023,0.366330
-15.214909,166.916617,0.429974
37.403162,-36.431999,0.251061
91.820115,333.232152,0.396666
89.506935,148.480431,0.593986
-51.779236,49.870298,0.151596
37.257477,165.975416,0.981529
93.395074,75.033332,0.530280
-179.079027,-122.561457,0.948293
-16.553512,-34.159292,0.925720
110.780522,-5.119592,0.508561
116.807562,36.075708,0.222286
-220.292186,-20.009358,0.047207
-131.782667,-95.815446,0.002633
74.064693,-7.002478,0.249460
241.705875,201.800870,0.246342
13.014645,212.321833,0.614734
127.100482,-78.465759,0.577377
-142.686130,158.162868,0.880317
31.242220,10.693267,0.511002
120.025039,-35.944791,0.089203
136.777686,-48.985081,0.930862
99.017027,-108.906918,0.735707
30.918289,19.498858,0.759855
-1.217647,184.086952,0.176361
36.456055,79.411998,0.356144
143.527068,98.716389,0.098267
-19.129779,118.546136,0.433430
-134.292492,91.384583,0.577911
69.056368,80.641991,0.942844
-41.550371,53.073881,0.203048
-16.175911,-50.604198,0.683542
-34.004941,-28.849349,0.168575
254.260582,123.605372,0.748553
-87.679375,172.635761,0.095551
79.490338,19.703218,0.199771
-32.615438,-100.062185,0.429860
61.470807,70.334396,0.171977
95.037298,63.676845,0.465259
93.340783,8.184449,0.829823
-23.267152,-52.464933,0.935531
58.800342,112.008460,0.837792
-13.662933,-24.343457,0.034805
119.270623,-171.686772,0.135717
-198.615670,-39.106977,0.049421
40.725831,-91.641052,0.705482
39.099875,-27.658036,0.230362
-86.059039,-255.302587,0.408791
100.132108,-58.028467,0.027316
-56.612911,-83.346966,0.439834
16.267980,-128.857768,0.344460
-96.437822,-8.227001,0.722454
52.457885,-42.201889,0.066464
3.313809,64.519037,0.647673
56.900791,-23.753680,0.861712
15.174832,68.368337,0.967641
0.219463,-82.951350,0.450279
-82.036518,-72.474845,0.295629
45.424294,171.461266,0.292439
99.529468,197.125412,0.767337
51.024965,-102.798882,0.490531
-36.051495,0.087048,0.192002
-99.485498,-17.640201,0.195927
24.727367,-138.638240,0.541409
-9.305658,-198.548485,0.229560
32.625046,-195.799730,0.174261
-7.671206,150.646126,0.678728
42.169510,-58.547150,0.922946
-73.834959,-34.125292,0.702990
89.389230,44.631950,0.177350
60.934258,83.461316,0.063573
128.787845,-2.385443,0.657536
-60.727028,93.903520,0.692207
26.326845,131.279034,0.462139
64.875724,74.408515,0.013285
149.147172,-108.704487,0.993464
-73.689990,171.609526,0.082017
-52.417776,22.711185,0.210689
57.414216,241.385777,0.759154
14.740935,40.267938,0.433922
-0.541843,-206.801606,0.946407
5.172351,212.214452,0.223050
-120.894670,39.006100,0.076054
40.387065,30.824784,0.583469
-36.605975,-105.914345,0.528629
331.397705,-16.079224,0.008176
-68.136751,74.571882,0.453999
69.490131,163.121072,0.954080
-65.870726,-175.590600,0.537431
-93.234824,-84.683406,0.151512
-88.245160,-56.606261,0.632717
48.709684,-23.057229,0.523253
-22.896851,-3.461494,0.599373
85.085701,-170.954592,0.148857
-74.624117,153.624944,0.502325
69.737350,63.062978,0.283618
-83.065087,40.405641,0.546860
82.189122,-112.012911,0.381309
-38.906712,128.296523,0.701234
79.521597,25.892502,0.528382
-172.151430,82.838554,0.976806
-206.863053,-121.742913,0.634177
-56.540902,-68.881263,0.738927
-192.429602,-101.774665,0.279519
12.954637,65.680457,0.475929
-65.771321,8.271772,0.679920
138.598969,83.693535,0.138007
-51.036752,-70.059646,0.791797
-11.674181,139.943617,0.747977
140.127308,46.714489,0.594556
-26.634707,-154.401626,0.115479
28.510371,67.427767,0.630252
-43.593550,110.210353,0.444845
-90.329223,-27.283965,0.665546
-111.102721,15.806857,0.021128
-88.155230,-185.678858,0.599564
-36.829888,58.014528,0.321880
20.059972,191.998503,0.895370
127.329890,46.775257,0.415201
-12.877024,-127.308091,0.188621
49.433373,-103.271716,0.767030
39.806279,45.649606,0.834673
-3.997102,-37.365694,0.439472
-112.731887,-30.644217,0.255516
184.773261,80.227636,0.177037
-117.529503,82.146097,0.452127
-8.864375,159.942681,0.316527
-77.052862,165.557914,0.449793
-36.761932,112.236065,0.533282
-42.688158,128.013714,0.580878
-67.538246,-78.890911,0.119633
264.095845,106.085956,0.619792
17.722553,-212.616117,0.938887
72.117431,-42.074903,0.511234
106.004503,-178.994050,0.432955
226.294732,191.082221,0.669205
158.802817,-63.323916,0.218209
66.983728,59.641878,0.369975
-107.586729,-100.927540,0.480057
111.857242,102.609991,0.968169
44.411975,81.385968,0.567954
22.059145,-68.425349,0.347952
26.620665,31.719839,0.168534
-124.339489,-34.508570,0.981812
116.511057,42.343464,0.493047
31.600669,-98.576299,0.924013
-4.597505,157.629178,0.325220
214.727514,-56.114244,0.004296
-27.598274,-101.624604,0.939422
-216.149353,-28.689319,0.515011
-46.819385,-56.638188,0.851257
11.256431,135.102026,0.586005
-58.405216,-111.955707,0.491975
-216.979318,89.336610,0.649631
-0.862657,62.665996,0.047355
69.187696,12.006560,0.161089
-9.011918,-55.012657,0.219312
-57.651003,-124.487976,0.412697
45.238174,-81.912101,0.333490
146.591535,-113.619259,0.249950
-34.393028,-156.699373,0.777106
-73.517988,56.035984,0.940487
10.478444,-81.938210,0.967789
87.719393,43.431418,0.329476
-43.151672,-47.898649,0.521985
105.336636,-40.374794,0.921726
-105.710005,87.501114,0.436635
56.732634,129.418351,0.043707
69.934109,-189.338170,0.908347
129.919086,132.939388,0.214912
-130.455034,154.534191,0.874648
-27.706842,113.300446,0.156634
73.538471,6.182807,0.570684
-35.990420,-193.986248,0.820285
-62.864452,-14.013877,0.025926
-77.231424,36.231298,0.230703
-176.459977,24.580894,0.375039
-70.739482,-82.691378,0.448099
-6.916918,-219.167413,0.539730
-12.445707,7.876950,0.323446
-155.679196,61.301305,0.707594
-24.816149,-30.111966,0.383981
-120.712423,219.517498,0.089650
-120.018691,-153.177067,0.448393
1.442840,63.517908,0.584158
-153.375149,-71.731862,0.437909
-72.365435,-40.180491,0.263263
22.699070,5.369469,0.289089
-38.465623,62.311869,0.063145
223.758941,75.001486,0.762035
-54.415349,80.525432,0.980772
-51.262318,171.409695,0.921235
140.940706,6.145577,0.486244
66.156351,67.475017,0.114087
86.300372,-20.299352,0.252215
31.403104,-19.770088,0.948823
93.009982,-55.377725,0.731013
100.787453,61.500527,0.663420
218.799176,78.617783,0.472010
-165.514530,97.255182,0.134166
-11.620846,118.860123,0.106997
-84.713505,102.112560,0.122446
168.642466,127.973371,0.078690
32.620808,67.971860,0.967023
-53.912655,69.819862,0.249019
-19.692985,-24.388689,0.359060
-16.957972,-69.734250,0.671204
-57.241482,112.838567,0.614312
16.524802,20.990417,0.520888
-103.796096,-14.315691,0.316304
-52.416175,21.738383,0.972523
106.889083,-77.664992,0.717373
1.419212,115.086470,0.497191
140.363503,-145.008641,0.392432
-53.415695,-92.266765,0.287573
-0.871716,-45.201576,0.211003
-39.062752,144.656846,0.735306
-121.329448,-114.559879,0.475811
-97.098184,47.961780,0.424220
-97.346526,-130.229702,0.560428
-106.335624,13.159165,0.343190
25.707443,-47.272949,0.152833
51.269296,-239.670929,0.502096
123.152348,50.345784,0.245664
25.624517,19.835525,0.962429
63.509370,-58.040137,0.891106
5.318393,-117.516965,0.355034
118.721014,-44.265814,0.769555
14.049128,-32.493405,0.386163
-87.483944,23.698736,0.983455
15.694630,-77.185743,0.237130
186.478397,109.340850,0.800944
-117.370911,99.820001,0.295959
27.022795,44.255636,0.810518
-154.557094,-217.876715,0.562710
162.482534,125.882314,0.885446
-141.303207,-32.728387,0.951144
50.125343,189.597673,0.324611
92.487091,274.612360,0.281981
150.175162,98.167351,0.233032
84.952890,46.515783,0.239751
78.541292,-117.505640,0.254887
96.542270,40.108182,0.431111
83.882349,158.068918,0.843028
127.403199,-70.717323,0.938694
-75.971454,101.467053,0.240681
116.842756,20.426325,0.177590
53.124368,163.849446,0.071578
112.523134,61.512571,0.759851
116.494194,-170.479159,0.984509
-54.153077,-7.056249,0.265970
27.550805,-54.002230,0.452657
-0.686880,-157.981290,0.890341
33.081322,27.739202,0.012271
212.266714,-67.578931,0.305651
145.039608,51.773924,0.070366
-87.903817,-11.488639,0.409775
24.287245,120.795250,0.254160
-27.285594,-100.574193,0.151801
-33.933990,22.627400,0.109648
-155.855055,71.211782,0.126593
-86.816096,-60.419018,0.081811
-44.355143,71.896272,0.279580
-3.608898,-76.900991,0.520962
19.168700,87.034310,0.684850
17.581470,-122.214186,0.034138
-75.970345,-0.096071,0.065593
-62.256227,77.602659,0.947536
37.665042,15.901659,0.067339
71.902742,25.367420,0.043352
-225.995092,-33.404369,0.633629
10.763546,-40.535858,0.774198
-57.581212,72.452298,0.866797
4.550613,-47.327984,0.575258
98.858465,59.880397,0.324965
-33.461804,-136.972508,0.206543
-25.027298,52.211778,0.389466
-24.689328,78.888541,0.023669
21.222233,113.191555,0.542559
-106.754590,183.162790,0.448254
-15.547444,-15.802429,0.335803
117.958224,-34.119980,0.275300
-144.548405,-29.559862,0.347767
-63.862919,-13.284683,0.113920
42.562814,34.859475,0.802160
-46.269060,23.845011,0.525829
-168.452855,36.298824,0.497236
3.084282,210.620466,0.668711
108.734524,-29.949163,0.452730
102.182492,63.726991,0.907621
84.752162,56.818629,0.112448
18.919651,-78.615488,0.202634
-108.183176,32.881406,0.497434
56.178803,92.435812,0.023211
92.522217,180.526537,0.573341
-248.460731,298.252662,0.187519
-176.316075,-2.333529,0.963684
-46.633403,-65.907982,0.330565
25.147510,59.214846,0.413176
-45.071039,120.711574,0.862542
-97.560224,69.388682,0.878738
31.037667,-20.881877,0.823715
-3.354361,-110.332247,0.769213
18.774911,-92.796841,0.680393
-45.580332,112.944656,0.147186
107.051307,80.461965,0.751551
138.167259,21.787427,0.575389
-80.253083,30.987308,0.495445
77.011758,-87.082574,0.076418
27.927640,68.720424,0.939955
49.125250,131.058365,0.848170
-84.321884,-15.080255,0.145446
90.576709,-84.983604,0.741852
-62.435087,-8.607981,0.202507
96.020037,154.291125,0.503779
-65.898767,114.546895,0.456208
-70.074130,127.639246,0.546428
-204.702821,84.169460,0.761871
-26.977000,-209.541554,0.785493
73.512160,15.881621,0.496877
-12.963292,-134.047626,0.493816
204.375275,64.858255,0.209122
-83.295609,32.727654,0.914257
-1.058171,-2.646679,0.189632
-90.022511,79.613572,0.068675
-82.438118,90.850738,0.757183
-5.317846,68.656224,0.758438
92.701466,-168.376812,0.856379
-32.359831,44.165098,0.137884
116.332007,-133.256039,0.993572
131.442587,-173.831845,0.853097
17.823693,102.667416,0.961969
-45.305402,2.900234,0.248125
-24.683131,38.385899,0.589346
17.302529,146.135759,0.453674
112.997037,-54.914488,0.948803
-185.617751,-7.805662,0.065558
-142.015941,-96.278937,0.060795
146.471801,-54.182494,0.318586
-118.695277,0.073104,0.682725
-31.111553,-62.494097,0.486630
191.214651,-131.072035,0.985110
64.923540,29.441346,0.507098
-110.538933,84.703817,0.240837
-104.507324,-122.557466,0.432694
-34.675484,18.766690,0.321179
-24.743869,-85.927515,0.719843
-104.421213,231.775089,0.963227
96.727276,-101.997138,0.461288
146.733694,-60.957979,0.400452
-60.930180,-214.684460,0.143628
25.200463,190.531837,0.840727
28.648051,-228.864406,0.461029
-54.457622,113.593571,0.847394
-37.211125,12.705579,0.136385
-18.387476,114.490040,0.481303
79.888639,-80.739297,0.961870
7.640917,-118.124160,0.929900
-146.566842,-157.531569,0.567774
102.190946,84.319585,0.104235
-19.102522,-104.952617,0.205650
-50.081745,-58.759398,0.515191
10.536267,91.721270,0.544065
-221.038230,-30.563304,0.241787
93.012316,103.883929,0.909372
-256.656013,9.505200,0.458494
70.607682,-68.309464,0.190928
194.010718,-31.904760,0.407480
-134.666765,70.265175,0.403718
34.758588,-33.787041,0.136957
42.847594,71.859843,0.671558
-101.106060,-79.316932,0.535207
110.967780,-70.375029,0.759534
109.087307,59.213342,0.927029
1.808696,8.512095,0.811814
-186.550666,-83.058490,0.692038
-76.501599,105.538064,0.686206
-100.307397,-136.874481,0.587968
-168.788593,-64.036793,0.416410
8.429282,-69.438177,0.765089
-152.604062,33.054831,0.481286
38.160205,-124.206231,0.424398
-223.687807,115.993230,0.395101
-63.936693,94.014007,0.556449
163.525978,47.136785,0.351252
83.804850,-20.939670,0.348395
153.808249,-65.209803,0.639494
150.031890,-218.009560,0.599814
96.459807,57.736732,0.616909
-106.253272,133.572380,0.177407
57.005859,25.386870,0.476070
-49.890732,95.965232,0.883338
39.651681,-29.482906,0.801763
149.153548,108.447878,0.932006
-118.700159,65.343424,0.131058
-125.304426,81.128254,0.380786
196.947413,47.128088,0.956578
-5.131592,-8.189987,0.934952
-66.581842,45.267310,0.603830
-10.574305,23.521979,0.225779
22.490392,-12.608442,0.673968
-74.103384,-68.026229,0.749880
-70.057868,-108.613106,0.846651
-142.033515,5.240923,0.464285
-107.827264,108.417926,0.403298
-115.414049,126.208328,0.640601
41.743842,-179.767665,0.181295
103.611723,-147.600557,0.147261
-65.268424,-1.957190,0.652258
102.725715,65.578740,0.184475
-7.053869,121.226336,0.777985
146.350838,-2.306222,0.007856
-12.985123,153.244449,0.989453
74.901052,-98.774478,0.987282
216.986638,46.093549,0.076187
53.187968,87.218050,0.350289
-168.194635,-60.482210,0.454741
204.951727,-81.747725,0.181004
-62.595620,-108.072715,0.096999
80.308637,-3.049433,0.168788
-92.120013,-235.678904,0.026302
-61.956755,-29.468734,0.663911
4.084677,169.858884,0.500178
67.495255,54.518656,0.018774
45.141732,-108.501851,0.983959
-78.483018,-237.407016,0.193838
-35.214205,94.661865,0.188530
36.492504,-85.179663,0.205754
-95.006528,59.889837,0.608737
-40.693442,-37.416627,0.283157
82.017897,-149.929381,0.437303
61.303292,-57.510811,0.505408
-23.877053,-24.286224,0.755895
102.424444,16.979713,0.108823
82.287570,84.610922,0.253360
-122.821466,256.748441,0.105433
-167.187905,-300.642202,0.550356
45.404543,87.604940,0.915658
40.348591,-80.522425,0.514257
-159.914061,60.150576,0.368754
-45.076093,127.778021,0.125783
38.734626,-50.703111,0.150800
-15.889162,-88.893820,0.358434
31.094088,64.792741,0.122782
-118.845186,88.574334,0.225656
-20.653644,-47.885973,0.147497
174.802449,-146.610466,0.140974
-67.645553,10.277568,0.373343
-168.703054,-18.579342,0.566325
-21.550532,-79.898785,0.786262
-25.698371,76.318885,0.926272
-121.039411,-213.496601,0.281084
-227.530232,-176.385761,0.783175
-4.797348,-98.495609,0.963728
98.411205,-47.822997,0.104201
227.290187,78.965508,0.114019
102.390136,-110.948696,0.646111
-100.382736,-201.182403,0.307898
-19.228279,19.208165,0.794483
-150.655689,-20.367556,0.485203
-129.973591,-15.955152,0.262218
-97.296194,-40.774505,0.574826
-64.673181,102.439503,0.544259
125.074972,122.567875,0.269681
-24.277188,-184.565453,0.737552
21.648452,-6.931788,0.251911
25.567123,25.052588,0.090971
-35.709103,35.663890,0.969381
206.652179,-47.633288,0.330331
-235.423073,-172.360229,0.447172
59.829530,4.286249,0.719607
-69.829969,-158.577011,0.541353
-16.978398,8.470002,0.048276
237.077168,187.954953,0.359984
38.829169,74.638246,0.256128
-80.030100,111.558266,0.140047
-9.403992,-71.767595,0.174069
-29.589720,41.210578,0.301633
-56.631727,-140.145633,0.467596
-57.959660,74.680991,0.836953
140.702634,68.959749,0.387450
-37.433463,49.245300,0.724803
7.358735,5.139520,0.174870
123.572520,-24.785998,0.444862
-32.899631,-60.870514,0.706457
-3.102437,-36.687837,0.751659
88.471506,34.376905,0.455842
171.849925,-186.628080,0.028438
32.760633,-15.715473,0.999685
-21.144576,32.167120,0.997186
-164.286437,46.379888,0.001750
-101.453844,67.628546,0.095870
95.216369,-37.194041,0.747947
144.954260,-40.646196,0.717854
125.749099,89.415023,0.133870
-59.675366,-81.533561,0.698243
-38.774095,78.954467,0.214135
94.092521,-97.428990,0.617999
-131.511760,61.739366,0.585970
94.763555,86.575985,0.309104
-142.358399,-155.413924,0.394216
-118.307313,276.467593,0.597194
8.415014,-69.154581,0.438443
-55.031809,13.687750,0.927011
-65.616738,-314.353368,0.703722
129.062336,37.501111,0.699233
132.716737,8.774521,0.823954
35.400167,-157.563312,0.998478
-90.603288,-27.639434,0.874481
-43.481273,14.991914,0.585843
-64.580084,-13.265939,0.178097
64.733330,73.141173,0.891022
-74.348102,83.661861,0.557808
-178.786184,28.565137,0.079325
121.872460,-51.875788,0.144057
-172.525947,-10.114799,0.554836
131.059122,132.936015,0.349351
-21.852125,-169.506213,0.321280
147.575508,80.572076,0.007074
-48.983781,-68.850197,0.645991
-41.550408,14.049150,0.773923
4.242424,40.610482,0.925587
8.875212,211.123784,0.345154
-109.685317,198.100137,0.281328
-154.345539,-96.546519,0.680878
90.118912,34.114507,0.192906
-162.919988,161.559531,0.609368
-165.421137,25.326632,0.402036
153.478886,30.188410,0.912588
167.168824,25.589144,0.368896
-51.958035,-242.282864,0.424622
117.610043,43.314938,0.555673
34.889883,125.687382,0.313816
-102.230383,-17.974748,0.615057
-70.911475,93.707981,0.153186
34.178964,48.921961,0.803922
5.372345,-71.083994,0.392441
-106.113922,-53.005110,0.146575
14.260330,71.514418,0.152623
-166.742628,97.818984,0.325418
-49.427222,32.346728,0.572692
142.823039,23.855488,0.311603
67.626101,-56.354257,0.165164
103.057108,-78.451748,0.059782
20.373943,-81.699803,0.187171
84.214020,-83.992377,0.860020
48.219975,-56.563937,0.759573
-109.863987,-175.486339,0.562215
90.159408,-3.908599,0.787178
-234.497687,220.051244,0.825178
38.968846,64.331116,0.562276
81.480876,-0.216970,0.816596
-138.181217,76.028709,0.374073
99.053621,71.322266,0.648642
79.864506,-69.796012,0.453385
-96.223412,-89.493339,0.768603
-25.296972,12.612456,0.351478
9.693540,-73.364581,0.087622
110.826103,-25.246416,0.527268
187.629327,-70.374535,0.758890
-122.630529,-61.069907,0.992813
-53.005110,87.145058,0.435013
18.741641,-36.236669,0.048170
97.123633,199.166201,0.609206
-48.559935,-19.938640,0.623264
48.505163,-97.667527,0.772824
-69.205878,-213.842602,0.007011
-283.367827,-24.589828,0.503182
36.111093,-220.220595,0.960067
16.245212,134.200974,0.139440
-9.578032,-105.228513,0.853153
-221.131209,-253.647575,0.944893
-110.819999,172.670237,0.622701
110.949361,17.346338,0.273985
9.658435,35.063615,0.471882
-72.603946,61.670256,0.999675
-65.275353,114.917487,0.408244
-55.294922,167.914891,0.277365
69.826788,8.590644,0.886195
-132.820320,-141.110682,0.996826
52.318265,-1.257598,0.489612
-118.834122,69.388884,0.863102
56.434519,-75.224217,0.898449
-137.938310,7.374142,0.940105
63.913820,-0.433954,0.922752
-36.571275,-62.889405,0.419585
30.744873,91.057993,0.574097
-33.519020,-52.238881,0.971530
-123.654781,7.638802,0.881963
130.358129,104.637373,0.128832
65.136749,19.072635,0.794447
126.297206,38.644763,0.800436
29.829711,-137.449983,0.098784
100.015103,26.920848,0.490782
-125.621282,-137.944958,0.296647
62.586247,-125.935301,0.796890
58.565251,-113.956434,0.841953
96.503885,-17.320176,0.429363
38.945550,40.995959,0.689982
105.598016,18.771037,0.293100
-39.575600,173.313646,0.269375
88.133449,47.296885,0.418451
-103.736735,-109.240779,0.176931
134.058067,62.836898,0.291687
-73.058481,-148.936958,0.707936
-98.622474,10.154087,0.005925
-125.273576,93.602275,0.550936
189.410418,23.562446,0.951871
-97.978733,122.059116,0.594089
-130.251397,-57.383891,0.273302
-53.760917,-14.978304,0.757824
94.788350,46.906418,0.679816
-65.309699,25.792581,0.456290
-78.134218,147.785496,0.023824
7.091132,121.486632,0.234198
30.752351,-245.064883,0.332170
189.884253,44.742254,0.972507
-56.441704,-33.443331,0.633314
137.561139,-111.116508,0.550190
159.037048,245.704660,0.401979
176.901384,-14.668472,0.864302
80.508954,15.616427,0.510190
5.185020,83.134997,0.107511
0.617669,-10.279087,0.185995
14.570521,46.728529,0.565887
11.618564,-63.082581,0.079679
-109.835436,-84.429793,0.209195
-67.947531,85.467595,0.413655
3.567221,-101.896240,0.405555
-28.835194,-158.564826,0.940314
-31.485044,-19.261189,0.710316
80.881989,-66.283726,0.605769
-41.629337,54.473732,0.487625
142.537276,-46.398165,0.346202
-16.576731,-23.584776,0.517631
-18.062841,-53.203165,0.197551
34.719959,97.720588,0.383498
-152.044207,-3.559243,0.493395
62.629504,6.780343,0.174947
-22.906612,-148.032148,0.707376
242.125834,116.464184,0.707266
3.352584,15.805041,0.323227
-22.781313,-86.163877,0.971873
-15.622402,-81.588183,0.060363
-79.311617,34.449203,0.967686
37.272269,-76.904452,0.099177
88.349315,-38.670323,0.196992
-38.318385,77.658779,0.379477
-91.924422,45.827247,0.764253
25.655716,-51.024600,0.560328
37.290456,208.595643,0.650357
-0.965344,-48.078375,0.869725
-53.771674,-126.450976,0.550170
-69.304085,-27.588897,0.921605
-114.451910,2.145083,0.520917
-67.622720,-79.366699,0.443672
-71.987726,-89.880140,0.200099
-26.503413,-43.769748,0.060414
-305.160967,-82.632957,0.004339
86.832266,-118.439643,0.546994
166.915741,60.592988,0.531071
-26.982570,24.745849,0.445930
-9.070966,-104.559663,0.375671
3.220475,-83.368754,0.525996
28.830983,76.897209,0.504229
-106.146845,139.845585,0.943962
-107.797179,-24.150670,0.931489
78.058325,-4.552628,0.244861
-279.043628,-103.951539,0.760799
117.634734,124.205692,0.829192
123.124002,34.974208,0.187384
-32.025931,140.075198,0.929919
-135.714004,35.478938,0.686539
-111.933615,-29.656664,0.392966
53.524187,-6.105786,0.673454
150.159476,-35.049471,0.161156
-99.235485,68.581229,0.776494
60.396861,-65.389047,0.785179
-14.718219,-35.381664,0.541498
-97.011954,22.883904,0.106950
-105.994415,9.196265,0.088682
-90.907729,-19.828508,0.125262
-136.813168,-99.566299,0.372525
30.561550,-36.317530,0.221824
-123.551481,-50.705150,0.954578
49.167127,91.412082,0.224012
221.898282,1.694745,0.190532
-3.595411,-253.364779,0.431166
-102.999315,-103.593966,0.779069
28.393732,19.148653,0.786149
30.111211,131.905591,0.797442
57.302515,-7.571133,0.618713
37.681599,-69.191731,0.632007
-72.105915,-111.413450,0.613687
18.455889,-215.681927,0.061867
17.085122,-74.569500,0.973925
-2.323790,169.885852,0.050173
-46.590175,72.498423,0.887768
89.530757,-22.871802,0.032334
-141.632844,44.968353,0.914345
22.337405,-215.877237,0.075322
-87.484521,84.899974,0.728120
56.949132,108.906670,0.587476
-70.897640,69.399165,0.581132
142.222373,117.399154,0.939267
-38.962738,-184.816362,0.859405
-217.471687,-104.299913,0.907051
-41.576015,280.246265,0.087618
-24.761895,-71.937638,0.917634
29.619164,-53.268129,0.868430
73.641424,50.971718,0.696275
-41.722314,-75.696413,0.325462
47.076545,107.731998,0.841601
37.161739,-113.298627,0.081203
-19.623322,51.822820,0.667460
-0.624643,-173.146996,0.948002
99.103398,222.325693,0.898954
44.735264,85.855392,0.223190
35.866785,-25.552034,0.841608
110.717657,-47.511046,0.710513
-33.263452,-203.806175,0.642510
97.294647,134.657551,0.411275
89.212262,-26.495031,0.250591
74.989851,225.867327,0.331188
80.362826,12.973661,0.174363
-67.544393,36.478918,0.897440
-1.708798,60.810471,0.198685
98.842844,-175.408273,0.162203
76.649400,-172.891481,0.521170
-43.534147,21.720587,0.775065
124.037701,-19.528090,0.362757
-83.895859,95.407240,0.014965
102.295052,-9.280325,0.060386
177.205574,44.966145,0.173611
2.857466,-47.406222,0.852209
22.804337,34.601464,0.130838
88.658851,-268.208081,0.193969
41.002731,-30.070448,0.293314
157.410651,75.062433,0.667566
-163.147674,14.955021,0.519041
-130.487257,17.441581,0.630247
116.060758,-77.867438,0.606083
23.557965,-47.719860,0.999458
-12.688747,39.470158,0.894297
244.507284,53.329763,0.894464
-105.555828,78.783992,0.787310
26.351038,39.723158,0.206930
60.142023,-161.310233,0.071806
39.589534,-6.842595,0.252724
-43.282960,47.648446,0.344657
383.622202,-2.927482,0.281520
-142.722183,182.174539,0.255148
38.196599,57.558913,0.513687
46.299008,-56.993457,0.957613
-37.787171,-53.064925,0.225379
48.967023,5.271311,0.010045
-21.411548,145.642964,0.440196
35.928528,-76.110783,0.719379
-160.222367,-222.086306,0.663041
-61.216837,-191.153031,0.885921
74.216573,94.960679,0.804938
-23.774819,140.792749,0.305658
52.871410,10.365542,0.833251
-18.166257,143.101529,0.252915
71.988824,7.623570,0.805126
-68.711958,-74.797133,0.201344
-98.592667,-108.846269,0.285676
38.303287,82.761493,0.069375
57.867020,-34.786282,0.927587
-36.336554,177.997763,0.207821
122.637371,114.958580,0.172119
-101.068403,164.438558,0.746372
-37.302089,-68.789219,0.114393
-101.222990,-118.451500,0.220799
-119.830189,67.941193,0.805683
-70.038531,68.731708,0.165427
44.697127,153.735804,0.678138
-92.053570,-91.650871,0.981275
69.227113,118.239940,0.743286
4.385992,-152.281248,0.004129
-59.044202,126.739133,0.739340
101.759599,48.240438,0.842736
-145.106007,100.734563,0.421531
122.629187,211.683498,0.332034
34.728071,49.040874,0.968036
-79.151634,32.654366,0.870492
-53.059113,-94.082402,0.881074
168.740458,15.499585,0.350771
132.270972,87.917199,0.145981
-31.606108,-66.342475,0.848254
42.318224,-112.646595,0.915519
-20.851241,74.300674,0.742457
-138.033512,-82.999684,0.809498
-1.195567,3.737523,0.385468
20.822310,180.044152,0.594655
-173.850343,-121.270498,0.894232
141.873489,54.991509,0.919108
97.828753,105.920442,0.162345
-179.379599,20.732626,0.439280
38.371948,122.449171,0.373426
-24.504419,-139.121799,0.717763
-243.554495,-65.086989,0.434680
-176.522405,-143.910043,0.163727
125.652218,16.635804,0.930957
-111.507383,51.069215,0.922057
-94.947414,-122.501773,0.837822
86.984699,10.573764,0.426048
-37.795553,145.033556,0.540421
147.914029,-46.693887,0.871728
55.010381,22.838924,0.743431
25.297597,-189.392722,0.340087
-131.456682,-28.133996,0.464403
9.444677,-41.506394,0.839733
-45.985336,74.372969,0.049661
95.902367,-108.941934,0.345898
78.770709,139.898914,0.885582
-194.092509,-29.218671,0.914183
-113.168589,73.518527,0.954401
-61.761064,-104.066659,0.680624
67.916451,-77.153950,0.501007
189.766007,-168.227981,0.864219
126.004621,14.436601,0.889894
36.184405,-34.465639,0.568097
-3.044728,-76.377125,0.154470
169.250529,44.488652,0.148896
6.411714,-151.672780,0.630449
-2.593310,-100.647308,0.946435
114.934848,-30.047837,0.149439
-16.773845,3.512563,0.097119
62.514485,-64.148149,0.402982
106.480459,-27.323442,0.388016
40.444080,168.143415,0.095861
-43.122277,-141.475618,0.969676
-36.473252,74.531888,0.503124
-8.411846,-124.846688,0.151139
-32.164141,-111.736663,0.740784
5.207935,-69.075579,0.629003
-86.434933,105.215318,0.175554
203.286153,-54.045440,0.588969
19.670723,-40.976331,0.020955
-76.527295,11.429405,0.981882
-212.284287,-67.920207,0.328068
111.144089,-194.710050,0.312692
-128.705535,19.253958,0.625076
308.558334,50.478761,0.405594
-108.640774,21.436583,0.123995
14.215628,-83.555614,0.494632
49.028925,94.192189,0.298229
57.565867,30.062484,0.181904
48.249135,80.496490,0.624266
-8.817613,-58.805765,0.875504
21.767259,-66.866408,0.029837
53.958143,205.000443,0.813901
54.434361,112.961094,0.253238
77.415361,-0.982631,0.776803
-60.347918,50.982810,0.866378
-17.584462,-90.937764,0.762546
91.425935,4.864008,0.455330
130.561963,-103.535049,0.584259
125.933550,86.250961,0.074103
-21.699369,199.579161,0.979507
-35.543410,3.028592,0.933919
89.252670,-9.180803,0.304517
14.272138,-265.250501,0.238379
-121.843191,14.912935,0.607425
-75.140018,139.363396,0.297283
45.595499,-158.814452,0.138544
153.450694,39.294293,0.864403
34.059500,-60.168029,0.173245
-61.756048,185.567001,0.316981
58.937262,212.205994,0.821403
11.596816,-35.169065,0.604690
47.842636,-1.523775,0.365067
-162.065964,-106.199508,0.163471
-37.249138,-190.895704,0.295631
174.001059,36.870238,0.162712
-44.011386,67.759326,0.363714
-72.975847,-24.066781,0.517908
-75.769060,-171.750683,0.257602
94.531171,-56.340689,0.122235
97.140901,7.034985,0.145359
-85.070849,52.216198,0.010893
31.342802,111.817063,0.192746
-65.996731,-5.057179,0.605459
-205.001027,87.978959,0.362648
-23.187364,98.991778,0.145464
0.300563,-73.633441,0.916064
-64.842273,-63.800786,0.371986
150.891433,43.875139,0.955773
-124.626889,30.311958,0.044228
-28.759807,-30.531291,0.718594
-107.213509,-28.828715,0.381670
87.836537,75.319201,0.259470
45.930859,46.519421,0.815213
-71.261811,-84.718301,0.743212
38.278089,-27.121494,0.539496
-277.331264,-1.782462,0.076250
7.235156,34.516956,0.890296
-82.690622,-223.956736,0.759788
19.525917,5.255146,0.264297
177.830142,-66.473613,0.021827
-49.434972,135.348414,0.300781
43.976680,-186.569945,0.983653
-9.478084,158.679579,0.334586
-178.812717,36.966197,0.391988
-200.178584,97.079897,0.263369
-105.914862,-98.931199,0.866341
-73.911376,-114.488354,0.393800
13.768514,175.449330,0.369359
-32.263389,120.245665,0.140437
5.777894,18.853271,0.649422
-18.123417,-102.729494,0.248898
-78.851579,-28.587137,0.774209
-85.006875,-18.841623,0.817964
10.323523,-97.149581,0.148960
-53.474587,-0.370851,0.558963
135.502546,42.595125,0.006756
27.412325,-23.190107,0.944113
-95.137014,-11.704627,0.524948
65.204111,-58.655714,0.485064
-93.702989,286.844318,0.011339
21.060986,22.226447,0.955524
-29.344984,-94.442200,0.801561
93.935367,-98.786814,0.037203
100.890802,106.405898,0.685923
110.032707,171.828601,0.616839
-104.007064,48.879213,0.347211
101.361941,177.576169,0.798543
110.416606,62.809129,0.687212
-23.133591,30.710862,0.279951
82.792635,-20.968896,0.183675
144.341739,261.037230,0.576550
71.810576,-66.002974,0.151469
117.570144,-157.157973,0.314676
-49.824467,-7.205909,0.510649
-74.215858,13.745526,0.231321
49.084847,99.016333,0.693793
104.472964,-90.406522,0.891544
-121.230170,130.829160,0.266735
-45.616536,-107.358864,0.350661
110.121358,143.316298,0.846033
6.352229,-154.008129,0.429548
-75.639898,85.766090,0.561410
162.839094,69.872697,0.957972
-69.858458,83.952611,0.467448
-60.299013,-36.849615,0.122067
-49.990756,-57.709684,0.512043
-39.073158,61.318019,0.557372
20.959853,14.361987,0.964674
-144.350202,58.416192,0.537880
38.926155,16.822667,0.905852
-144.442553,-38.189909,0.791476
174.338384,-50.072814,0.062555
-42.942650,-21.683863,0.084410
33.562056,13.476925,0.616617
54.225669,-38.502655,0.418523
-111.015418,99.859559,0.462022
-13.367720,-75.415669,0.812884
125.707383,-43.577830,0.595460
-50.987519,-115.192341,0.618898
-16.882807,-17.454789,0.018095
140.876961,-78.712564,0.287737
-5.307481,138.863751,0.232747
33.798703,-71.103321,0.357442
143.972541,-17.320083,0.224839
-15.861786,12.384519,0.890589
-137.405432,-139.986770,0.194082
-19.487316,37.230890,0.609680
-120.070964,17.117346,0.287281
118.184765,150.920906,0.304918
-3.675960,-249.162313,0.956211
-135.061502,6.615515,0.892202
-100.229921,48.589095,0.589977
-1.069290,-44.524813,0.486736
86.970380,63.130905,0.330090
57.239704,-41.086034,0.317012
-132.786021,47.180952,0.573252
105.751812,94.963477,0.801022
110.257342,-76.798360,0.003548
68.925833,-85.390540,0.064831
-93.193432,111.779174,0.321770
-28.966030,7.796527,0.596442
30.828920,-152.661823,0.262956
71.056255,0.366357,0.650624
99.519528,100.631530,0.294035
29.217602,-21.118394,0.921145
22.599556,173.980704,0.710801
-55.619428,-94.112357,0.408805
-89.124597,-20.911677,0.970440
-185.683068,3.300061,0.750855
-127.689136,3.150156,0.100982
-101.772840,63.743926,0.720333
-73.864488,34.428664,0.151737
31.564770,-53.256285,0.717010
31.425917,10.089729,0.932956
47.542022,185.662091,0.014291
83.581029,16.001407,0.686891
61.424987,96.806464,0.333355
-119.010381,-21.910372,0.709388
61.751100,73.555805,0.703757
46.423848,9.256914,0.784206
-26.676050,-111.319406,0.620490
10.125676,45.361393,0.586013
153.283988,12.537122,0.420078
-5.757563,20.067497,0.483612
-82.522114,-93.331253,0.774543
64.939284,133.108388,0.911490
-85.398362,40.967659,0.429231
99.556736,-4.798912,0.717531
79.471988,-49.574509,0.624962
22.489925,-1.617607,0.486578
-84.178964,-134.758284,0.667044
-91.687715,-32.122462,0.941364
-27.566848,214.445136,0.986445
-80.593800,-142.325100,0.679097
-48.131181,-119.587258,0.247190
-8.386512,-122.449338,0.597470
-16.928914,65.381408,0.073697
121.990572,61.615544,0.556777
-36.082083,23.691081,0.548570
-38.254328,-83.845353,0.611408
64.592612,-115.671413,0.779509
12.503208,66.982858,0.496284
72.001717,12.639911,0.690112
-6.824517,-102.293075,0.020617
34.561501,-126.397507,0.988016
70.562952,-76.844718,0.899218
-40.169146,3.808500,0.747982
-49.409150,-59.005820,0.142242
118.308436,-211.981187,0.428621
20.287219,-47.729388,0.525875
-109.379717,80.523423,0.595954
-57.631986,61.003849,0.625527
-64.144760,114.074107,0.888288
100.446577,231.139502,0.141348
210.140746,-23.054641,0.388864
125.614769,-62.190144,0.556391
65.914830,145.646541,0.313544
217.496782,-36.128180,0.674164
-170.506269,117.894230,0.439956
49.699165,-70.284056,0.754286
-25.313908,27.444329,0.460716
14.122045,103.994614,0.466468
-73.898557,37.348620,0.460257
-98.783507,-106.706986,0.046717
68.734106,-112.708076,0.690555
-39.041210,133.914203,0.247990
-50.903181,13.710918,0.848874
-50.305412,59.792509,0.688218
-137.168227,57.333013,0.350630
49.899849,89.813073,0.196061
120.706840,-117.143896,0.822672
-240.643997,-55.070621,0.138877
-41.152767,-78.611217,0.240332
-30.135436,124.694712,0.571385
36.217173,98.786483,0.914461
-229.481890,13.976572,0.554632
67.144562,72.513138,0.412241
96.900800,137.676110,0.273723
39.025201,-250.263269,0.959189
-26.262714,-85.460820,0.000331
-26.562568,17.622955,0.785177
62.219930,-227.682490,0.501456
165.873935,57.607541,0.114962
9.035504,96.469011,0.120699
-118.872037,190.183705,0.806918
45.213383,-55.665018,0.112907
-70.282430,25.105005,0.741413
-108.839711,74.157801,0.214955
13.321874,92.988421,0.623059
-217.501605,-83.797036,0.367135
-228.669068,21.618553,0.915607
45.869994,-306.308594,0.539964
-64.456330,43.745829,0.733880
-146.804778,-39.438958,0.621469
-89.691402,-110.515035,0.055074
81.815623,225.124814,0.586027
40.818840,46.008144,0.707670
123.214160,51.340731,0.669404
10.834308,-26.887672,0.372041
110.591143,-153.992435,0.949198
77.792850,-79.188197,0.000976
11.013022,-40.026859,0.380395
-20.791950,-267.208573,0.335247
-39.591341,-8.865764,0.406363
80.818229,37.697139,0.173992
121.296738,-33.525212,0.438721
-26.415053,-208.284196,0.980914
83.369457,-65.366474,0.887292
1.552147,-53.040577,0.770062
27.649446,117.831574,0.588566
-179.134358,-94.581977,0.102556
-68.839609,40.054859,0.137614
-281.184118,53.004037,0.890717
95.205502,37.792881,0.039103
39.407738,37.350113,0.766328
34.225578,-173.992785,0.698932
38.945723,-16.804832,0.534940
93.333449,0.164049,0.770060
-6.187617,172.214893,0.275225
68.390351,-17.667610,0.741667
-213.820435,-29.849343,0.949783
-170.703211,-28.740316,0.474165
47.245982,54.630096,0.850607
28.406668,26.095999,0.503119
-82.838306,-28.661253,0.212054
73.468232,226.723829,0.349090
-53.027371,12.146459,0.567923
176.006022,20.521866,0.561439
-182.641542,-95.579879,0.828699
-66.798219,-43.077945,0.645045
4.398288,21.860114,0.359461
13.003228,-67.309295,0.484239
-138.036694,55.965497,0.194205
-4.824591,54.747757,0.655352
111.825190,-85.177648,0.675469
-274.644069,-67.121264,0.444760
30.070185,-18.926877,0.921837
-168.126649,-30.185830,0.898162
11.109818,174.203951,0.958905
-51.380992,-109.630104,0.214676
-123.140601,-41.260945,0.757120
56.355400,-41.897748,0.694076
-34.845366,120.332907,0.442644
-62.311685,98.332886,0.999401
178.526677,-81.381486,0.693685
286.895635,75.337810,0.692782
13.577976,206.726177,0.615064
68.846091,1.069023,0.294321
203.397704,-134.656837,0.879590
-93.069518,-201.553455,0.803772
-115.480726,-65.721341,0.791073
90.573015,28.894924,0.973015
9.297121,-54.156310,0.501621
-16.037410,-160.516532,0.523051
-162.875033,14.863782,0.777694
106.036479,-75.877175,0.946140
166.805391,5.823593,0.720254
-168.373387,11.242241,0.857682
94.953454,211.003664,0.407455
82.113528,82.991512,0.974454
78.788454,35.663107,0.596468
-41.388369,-100.687151,0.241874
62.194804,11.132177,0.460233
-172.343467,23.803192,0.506431
-62.677396,-26.499152,0.665359
24.303398,7.924235,0.401324
-23.490503,23.670941,0.365736
102.667767,-122.158644,0.788855
-70.718725,71.932111,0.540523
-94.727581,-61.020430,0.129610
160.235329,-88.631637,0.395936
61.193334,-8.050309,0.554380
-11.221621,131.107065,0.838099
-12.939430,120.642614,0.970301
-41.387395,-75.875809,0.904624
-163.396636,166.393736,0.293873
151.770833,80.299025,0.626102
-24.443932,5.853295,0.790183
-8.285719,-293.267332,0.654054
-296.133235,-159.332222,0.460876
36.526189,161.960731,0.427011
20.492277,-59.128424,0.066496
32.921439,-158.378353,0.831880
-78.748466,-61.901404,0.432138
-24.594780,-167.953736,0.963732
-97.907478,-96.176828,0.894408
-18.178117,-111.708334,0.073571
-56.482241,29.003918,0.370999
-39.769193,125.405400,0.708206
-33.327960,39.521224,0.828384
-162.354596,49.727684,0.670681
-87.302757,-24.356864,0.688591
-23.309619,23.981914,0.183307
185.127723,-77.182746,0.406304
-51.214715,-113.022994,0.172899
74.758427,-39.869181,0.456054
-90.988989,69.121120,0.718814
-58.305800,19.667580,0.802146
18.151679,-60.414280,0.231741
-35.211736,-186.263169,0.843880
9.062377,55.711403,0.689195
-132.483949,-71.817197,0.956808
68.634034,76.073533,0.803281
-18.151548,-62.503587,0.861628
2.914463,25.025315,0.200329
146.861330,-132.443640,0.948486
-60.794563,-124.900140,0.614028
134.983447,-51.439644,0.161788
37.493584,-17.401931,0.568851
79.054640,-22.704767,0.110427
-75.600667,75.224820,0.711927
-150.090559,62.562786,0.638422
5.763472,69.101886,0.823744
88.763209,130.399792,0.521467
-20.776117,-60.766747,0.403319
-6.405335,-57.531503,0.361520
199.981482,298.431539,0.984989
59.934640,-48.807758,0.999525
53.488109,-143.666955,0.900792
-43.900881,92.529488,0.692128
11.841160,-51.689150,0.865891
-8.531715,204.193094,0.638454
-57.344246,130.545661,0.190419
-183.045128,103.155175,0.901712
-47.094035,80.619371,0.403163
-41.988853,-16.293291,0.088126
124.597273,-56.678186,0.129555
112.544673,74.992989,0.984467
83.259925,17.733442,0.089261
92.188192,13.569965,0.371817
-211.088719,-37.293363,0.086966
-34.379591,-16.485428,0.827140
-84.823129,-47.687896,0.176972
-109.321341,-55.256149,0.079460
43.555293,65.878230,0.682202
-123.284520,34.221608,0.206098
104.240221,-123.245231,0.967378
99.307331,-162.070441,0.108915
65.896291,49.324281,0.251761
225.707061,-151.099750,0.360579
-61.512464,-118.403483,0.687090
124.049020,88.808222,0.128065
-127.184429,127.709622,0.390253
-8.535355,152.902799,0.030939
-84.274983,46.705209,0.687002
135.816051,-140.368607,0.592934
80.177365,34.505023,0.993506
40.654696,-188.881080,0.582533
82.293900,-113.677077,0.361574
95.177556,54.783856,0.255551
17.246290,-11.418472,0.740349
29.674491,31.400486,0.598964
-63.158984,-186.739850,0.186511
126.899385,95.374799,0.362759
0.619985,38.318660,0.352011
-66.199215,-55.460604,0.659006
139.327889,72.048138,0.870187
-44.866025,-11.676013,0.602730
46.688400,-5.347243,0.431608
-138.504663,-38.846292,0.423160
167.442923,23.631730,0.947835
6.949521,-6.775434,0.516651
-197.189706,-43.603314,0.396161
-256.636082,164.000231,0.202132
-18.990961,81.803655,0.460219
11.767557,49.961011,0.350364
65.339647,40.411879,0.004329
109.844181,233.213582,0.066115
3.647941,61.909672,0.924777
6.675018,-77.896043,0.556793
61.713163,41.726381,0.769785
53.367739,-135.180620,0.170275
-59.732204,115.569961,0.669260
208.219163,-167.277295,0.723482
171.526040,-173.768545,0.453523
90.065523,-24.738743,0.704820
-202.355282,-31.251244,0.015430
116.602448,29.517875,0.139502
-48.139671,8.510945,0.511210
16.005063,30.729237,0.999258
-84.059486,-158.555367,0.794929
88.203355,61.955326,0.583290
-37.478200,-111.862005,0.978882
-93.598062,152.699096,0.066050
155.169484,41.459718,0.692301
98.531683,-30.961278,0.032498
15.038297,-6.998670,0.098566
46.485652,185.143148,0.911365
-19.224044,-163.875671,0.996732
34.799242,110.572307,0.517599
45.108095,6.161776,0.082050
123.372357,-19.472428,0.863755
14.421453,38.454404,0.295551
48.578860,-29.760980,0.498282
53.644301,-267.291237,0.936458
29.594975,-146.384403,0.643642
147.892369,23.696948,0.342689
19.418708,147.357007,0.050653
-14.785964,-55.860740,0.362488
-196.320912,80.560510,0.688307
57.544317,-109.812519,0.570478
56.774939,82.671383,0.907495
-110.593602,-90.216261,0.756989
-46.747377,-96.963838,0.783565
136.263051,59.917681,0.082738
-108.943713,117.441630,0.970655
-111.627887,-17.620052,0.733423
-33.291122,-63.084643,0.370904
195.725620,40.565861,0.426144
23.481031,184.149444,0.251036
-104.007421,73.376046,0.194159
164.308140,-45.970993,0.068011
139.477447,-51.041748,0.952749
-42.054584,154.381305,0.675609
-22.199703,36.393197,0.343870
8.589195,17.256951,0.852948
-131.308156,39.799432,0.746204
50.428974,57.711655,0.459020
48.636561,-112.014659,0.358192
-91.321772,145.011251,0.025066
133.876059,174.689594,0.728893
57.154010,-141.976479,0.874370
72.922799,-60.205352,0.585544
126.182202,-1.050445,0.689749
144.326493,30.835330,0.737147
-133.217669,126.742650,0.403161
-49.341506,103.655090,0.280871
154.213409,107.557839,0.347425
-138.881757,31.343132,0.782773
-4.597244,-121.918337,0.886382
156.152915,-92.455372,0.671011
-56.980885,90.893214,0.283293
51.268242,23.281365,0.614894
-116.784093,-195.073462,0.102309
-23.566239,192.236761,0.924420
-151.649103,-147.364850,0.682509
31.347156,11.140561,0.167959
85.319363,-26.678213,0.684392
-84.268792,27.387526,0.583921
-9.452221,198.059799,0.073176
-111.043476,187.720084,0.342639
44.071250,61.277908,0.108108
-189.468301,55.906551,0.702666
125.647948,96.665376,0.818692
33.563657,35.963925,0.117159
-72.579952,-136.207122,0.493700
69.546155,59.622644,0.614384
-46.145032,80.671554,0.934555
110.885292,-100.395691,0.497412
-108.379785,-43.263230,0.549856
88.591008,-44.845133,0.022851
26.912465,-49.161005,0.160029
-23.328133,-21.287448,0.603608
58.978657,56.650384,0.853312
-35.883082,196.239602,0.935377
70.410884,-29.453502,0.849580
-132.511515,-95.509006,0.466762
-10.019025,-5.382503,0.706129
27.054350,-66.391067,0.113849
123.199984,165.328915,0.302243
32.743340,191.395366,0.312568
98.894654,93.347633,0.452373
58.465782,28.675362,0.270740
144.329285,119.508525,0.754376
-53.544348,64.569174,0.400477
-91.297622,61.388647,0.111955
17.452043,172.762048,0.035403
70.716226,59.661904,0.083541
112.632179,71.220813,0.132245
76.051967,37.590561,0.991965
75.990011,111.392215,0.810804
-74.162059,-169.793948,0.859962
-69.035945,77.863952,0.042557
45.933009,24.665366,0.724407
-167.275142,-69.221040,0.502020
-14.666312,9.291954,0.377786
179.131394,28.582113,0.667055
-181.103537,-41.848076,0.772009
120.475193,-284.892612,0.097839
-65.506718,166.097955,0.819989
-88.425098,103.823190,0.424930
-7.266183,-103.710511,0.518457
-267.353803,-14.434759,0.552709
-142.242621,174.467731,0.134067
-5.872031,-119.319872,0.916196
6.094715,76.027149,0.474110
96.662684,-82.175281,0.775313
-51.472124,105.003164,0.110221
52.241855,-29.979941,0.886761
53.979845,127.772601,0.538114
78.750425,-40.891435,0.506387
-82.634540,30.215743,0.820926
-81.739095,15.616897,0.811534
13.882311,120.528251,0.328972
134.822881,-93.448051,0.485834
-44.605008,32.676292,0.102093
144.413732,73.035261,0.055207
-62.187927,78.413323,0.383633
-95.814635,-10.907412,0.328301
13.956836,107.654410,0.349699
-54.253720,197.400966,0.895167
-148.178339,-45.238512,0.426712
9.706883,-25.016290,0.658069
102.855026,7.619444,0.581106
23.182487,-7.200795,0.765497
130.975946,-20.810217,0.710348
66.040223,86.169378,0.779719
-44.954787,-53.918901,0.964645
-62.026653,188.353721,0.090338
-171.185969,-22.988957,0.991363
23.652387,-3.569690,0.590845
-53.080096,24.582218,0.876609
-58.499328,17.073969,0.493106
54.609215,103.092788,0.095074
-130.425802,-15.125624,0.780999
4.721973,136.736137,0.420653
-25.612905,3.330080,0.271267
89.710988,18.084631,0.843601
23.758779,-101.095333,0.814302
106.955218,-100.023562,0.377542
162.526919,135.924725,0.407496
39.437710,-96.127948,0.744365
-22.914979,-99.246630,0.126605
56.464989,-58.864955,0.134741
22.563317,-124.425076,0.024328
-98.984227,66.581570,0.496983
-206.608579,-44.265229,0.640238
182.241455,98.272399,0.460069
160.799279,32.101955,0.445522
27.173521,-8.073629,0.303836
-154.811204,-33.653370,0.430734
-159.011467,-17.234232,0.409162
118.212413,-160.609409,0.067242
37.508244,51.470718,0.768551
66.819652,-63.438537,0.603146
-73.791533,-74.601395,0.851273
-32.807552,55.779489,0.591648
-73.319039,-15.596181,0.810777
150.887008,13.104345,0.553808
-88.742624,178.124131,0.498247
-25.397752,4.608751,0.523078
200.023573,-83.947794,0.411668
258.794817,-126.402830,0.814971
-34.978542,133.129210,0.448445
16.441621,-9.455633,0.482417
-92.751873,23.395537,0.627175
35.112992,78.199864,0.648414
77.513633,-36.578313,0.655229
144.966957,164.629881,0.899940
23.452632,-0.598043,0.291741
113.703854,80.924596,0.027107
150.757879,130.175932,0.262929
83.783983,-21.390072,0.452713
12.095988,-164.607977,0.879313
-87.518129,-136.733460,0.404141
176.472962,-49.968133,0.304690
265.588133,-108.823022,0.493853
-163.479601,32.840461,0.948678
-82.990184,-39.280475,0.784077
-14.779798,-100.089828,0.452232
20.941693,27.695153,0.615553
-94.816567,-51.725095,0.016022
121.142446,61.355384,0.790385
-43.624288,-7.930505,0.294184
-99.017554,84.999461,0.699639
-73.345243,-198.177011,0.158035
58.235304,-96.809300,0.213568
37.521765,111.450091,0.597157
33.550472,32.833992,0.968208
39.963777,-25.392855,0.698693
261.422282,-17.954627,0.903821
-142.303588,-1.000061,0.198623
-19.922443,121.060335,0.818704
27.385254,-35.689808,0.498810
-157.232543,-89.713763,0.581898
-7.348719,-11.213800,0.625708
34.641652,12.264248,0.358502
-61.630457,38.932631,0.520997
2.665397,167.788325,0.896338
121.115681,127.533219,0.704396
-110.961085,60.261223,0.442531
-79.811735,-177.649253,0.801629
112.564724,53.966561,0.853757
120.689306,-83.316735,0.544004
-104.307808,-164.661278,0.984405
-15.704629,-84.263832,0.525854
-3.167822,84.876452,0.475278
75.123719,12.878412,0.766316
-101.526612,4.015990,0.566852
-51.339709,-47.790562,0.892582
-18.464142,132.985582,0.085674
-10.931304,-33.915619,0.451486
57.347604,92.697773,0.263080
130.147379,35.202541,0.358893
-5.044612,-133.065028,0.617500
101.229027,201.752048,0.963898
-17.911551,-180.708603,0.539067
84.569368,-80.119402,0.315801
36.190552,11.268348,0.693105
-57.565389,95.390295,0.324042
10.275450,80.144980,0.977365
5.427416,32.886931,0.183210
9.985336,31.599291,0.385202
-16.603023,-140.567435,0.956681
-8.205134,-35.640212,0.780632
-167.341274,154.395697,0.164902
-44.618639,-256.895792,0.225829
-28.554627,59.664930,0.908827
64.817195,-80.366510,0.705095
87.156816,98.382121,0.683427
-12.028172,63.091436,0.130335
52.283549,-61.608853,0.053412
-210.057031,-142.036174,0.915305
126.370044,0.012252,0.558969
-101.343060,-0.288488,0.105497
194.510048,73.097768,0.618452
-141.763691,-197.419993,0.340858
-26.253000,77.615844,0.833413
5.374357,26.414271,0.799629
-185.530116,88.449878,0.662619
-20.277957,31.441300,0.153625
212.931229,139.814836,0.472076
-8.697964,143.908005,0.080370
107.631039,176.442949,0.937114
230.945270,-256.452443,0.681340
-148.645361,160.172724,0.555397
41.003997,126.323980,0.228659
-83.255394,-40.434529,0.981508
20.918495,-4.456131,0.039631
